date,open,high,low,close
2023-07-12 11:20:00,402.8,402.9,402.15,402.25
2023-07-12 11:25:00,402.4,402.6,402.15,402.55
2023-07-12 11:30:00,402.5,402.6,402.0,402.35
2023-07-12 11:35:00,402.35,402.55,402.0,402.3
2023-07-12 11:40:00,402.3,402.5,401.4,401.4
2023-07-12 11:45:00,401.35,401.5,401.0,401.1
2023-07-12 11:50:00,401.1,401.8,401.0,401.55
2023-07-12 11:55:00,401.7,401.95,401.5,401.85
2023-07-12 12:00:00,401.7,402.0,401.6,401.85
2023-07-12 12:05:00,401.9,402.25,401.7,401.85
2023-07-12 12:10:00,401.9,402.05,401.45,401.8
2023-07-12 12:15:00,402.0,402.0,401.5,401.5
2023-07-12 12:20:00,401.85,401.85,401.1,401.85
2023-07-12 12:25:00,401.85,401.9,401.3,401.35
2023-07-12 12:30:00,401.35,401.9,401.3,401.8
2023-07-12 12:35:00,401.8,402.0,401.5,401.85
2023-07-12 12:40:00,401.6,401.85,401.35,401.75
2023-07-12 12:45:00,401.75,401.75,401.3,401.65
2023-07-12 12:50:00,401.65,401.65,401.1,401.3
2023-07-12 12:55:00,401.35,401.75,401.3,401.35
2023-07-12 13:00:00,401.6,401.7,401.25,401.4
2023-07-12 13:05:00,401.4,401.5,401.25,401.3
2023-07-12 13:10:00,401.5,401.75,401.2,401.4
2023-07-12 13:15:00,401.7,401.7,401.1,401.4
2023-07-12 13:20:00,401.5,401.75,401.2,401.75
2023-07-12 13:25:00,401.75,401.75,401.25,401.5
2023-07-12 13:30:00,401.3,401.7,401.2,401.6
2023-07-12 13:35:00,401.3,401.65,401.15,401.55
2023-07-12 13:40:00,401.3,401.55,401.2,401.45
2023-07-12 13:45:00,401.45,401.5,401.0,401.5
2023-07-12 13:50:00,401.5,401.7,401.35,401.4
2023-07-12 13:55:00,401.6,401.65,401.3,401.5
2023-07-12 14:00:00,401.5,401.65,401.35,401.65
2023-07-12 14:05:00,401.65,401.65,401.15,401.6
2023-07-12 14:10:00,401.35,401.6,401.15,401.15
2023-07-12 14:15:00,401.1,401.4,401.1,401.15
2023-07-12 14:20:00,401.1,401.4,401.1,401.35
2023-07-12 14:25:00,401.35,401.45,401.0,401.3
2023-07-12 14:30:00,401.3,401.6,400.1,400.6
2023-07-12 14:35:00,400.7,400.95,400.6,400.85
2023-07-12 14:40:00,400.85,401.0,400.6,400.75
2023-07-12 14:45:00,400.8,400.95,400.5,400.95
2023-07-12 14:50:00,400.7,401.0,400.55,400.85
2023-07-12 14:55:00,400.8,401.1,400.8,400.9
2023-07-12 15:00:00,400.85,401.5,400.6,401.3
2023-07-12 15:05:00,401.35,401.5,400.7,401.5
2023-07-12 15:10:00,402.0,402.75,402.0,402.2
2023-07-12 15:15:00,402.5,402.5,401.5,401.8
2023-07-12 15:20:00,401.8,401.8,401.15,401.6
2023-07-12 15:25:00,401.55,401.65,401.1,401.45
2023-07-13 09:15:00,402.0,404.0,399.9,402.0
2023-07-13 09:20:00,401.65,402.35,401.6,402.0
2023-07-13 09:25:00,402.05,402.3,401.65,402.3
2023-07-13 09:30:00,402.15,403.1,402.05,403.1
2023-07-13 09:35:00,403.15,403.25,402.45,402.5
2023-07-13 09:40:00,402.7,402.85,402.0,402.5
2023-07-13 09:45:00,402.5,402.8,402.0,402.25
2023-07-13 09:50:00,402.05,402.55,401.5,401.8
2023-07-13 09:55:00,401.5,402.7,401.5,402.45
2023-07-13 10:00:00,402.0,402.5,401.25,401.4
2023-07-13 10:05:00,401.35,401.5,400.8,401.05
2023-07-13 10:10:00,401.1,401.5,400.5,401.0
2023-07-13 10:15:00,401.0,401.15,400.5,400.8
2023-07-13 10:20:00,400.95,401.0,400.5,400.75
2023-07-13 10:25:00,400.8,400.8,400.0,400.65
2023-07-13 10:30:00,400.55,400.7,400.3,400.7
2023-07-13 10:35:00,400.7,400.85,400.2,400.6
2023-07-13 10:40:00,400.05,400.45,399.9,400.45
2023-07-13 10:45:00,400.45,400.55,400.05,400.5
2023-07-13 10:50:00,400.25,400.45,399.9,400.35
2023-07-13 10:55:00,400.35,400.6,400.0,400.55
2023-07-13 11:00:00,400.3,400.8,400.0,400.1
2023-07-13 11:05:00,400.1,400.55,400.0,400.55
2023-07-13 11:10:00,400.55,400.9,400.3,400.8
2023-07-13 11:15:00,400.8,400.9,400.3,400.7
2023-07-13 11:20:00,400.7,400.7,400.0,400.05
2023-07-13 11:25:00,400.05,400.4,400.0,400.05
2023-07-13 11:30:00,400.0,400.45,400.0,400.2
2023-07-13 11:35:00,400.2,400.55,400.1,400.25
2023-07-13 11:40:00,400.25,400.45,400.1,400.45
2023-07-13 11:45:00,400.15,400.45,400.1,400.35
2023-07-13 11:50:00,400.35,400.6,400.0,400.5
2023-07-13 11:55:00,400.5,400.6,400.0,400.6
2023-07-13 12:00:00,400.45,400.5,400.0,400.3
2023-07-13 12:05:00,400.05,400.5,400.0,400.4
2023-07-13 12:10:00,400.4,400.45,399.9,400.0
2023-07-13 12:15:00,400.0,400.0,399.6,399.95
2023-07-13 12:20:00,399.95,399.95,399.55,399.85
2023-07-13 12:25:00,399.75,399.95,399.7,399.85
2023-07-13 12:30:00,399.85,399.85,399.3,399.75
2023-07-13 12:35:00,399.8,399.85,399.4,399.45
2023-07-13 12:40:00,399.45,399.55,399.1,399.5
2023-07-13 12:45:00,399.5,399.75,399.2,399.65
2023-07-13 12:50:00,399.65,400.3,399.55,399.7
2023-07-13 12:55:00,399.55,400.55,399.5,400.35
2023-07-13 13:00:00,400.55,400.6,400.0,400.0
2023-07-13 13:05:00,400.3,400.4,399.75,399.95
2023-07-13 13:10:00,399.95,400.35,399.95,399.95
2023-07-13 13:15:00,399.95,400.0,399.55,399.95
2023-07-13 13:20:00,399.8,399.95,399.5,399.85
2023-07-13 13:25:00,399.85,399.85,399.15,399.75
2023-07-13 13:30:00,399.75,399.75,399.1,399.55
2023-07-13 13:35:00,399.3,399.55,399.1,399.45
2023-07-13 13:40:00,399.2,399.45,399.0,399.25
2023-07-13 13:45:00,399.2,399.3,399.0,399.25
2023-07-13 13:50:00,399.2,399.4,398.55,398.6
2023-07-13 13:55:00,398.55,398.65,398.0,398.1
2023-07-13 14:00:00,398.0,398.25,398.0,398.0
2023-07-13 14:05:00,398.0,398.35,398.0,398.15
2023-07-13 14:10:00,398.0,398.15,397.5,397.95
2023-07-13 14:15:00,397.95,397.95,397.1,397.5
2023-07-13 14:20:00,397.5,398.45,397.4,398.25
2023-07-13 14:25:00,398.25,399.1,398.0,399.05
2023-07-13 14:30:00,399.0,399.45,398.6,399.1
2023-07-13 14:35:00,399.3,399.4,398.5,398.5
2023-07-13 14:40:00,398.5,398.5,397.65,398.0
2023-07-13 14:45:00,398.0,398.0,397.2,397.6
2023-07-13 14:50:00,397.3,397.65,397.1,397.2
2023-07-13 14:55:00,397.2,397.65,397.0,397.5
2023-07-13 15:00:00,397.6,397.65,397.2,397.65
2023-07-13 15:05:00,397.65,399.65,397.65,399.65
2023-07-13 15:10:00,400.8,400.8,397.95,398.45
2023-07-13 15:15:00,398.85,399.2,398.1,399.15
2023-07-13 15:20:00,399.4,399.4,399.0,399.1
2023-07-13 15:25:00,399.1,399.3,397.95,398.75
2023-07-14 09:15:00,403.95,403.95,400.3,402.0
2023-07-14 09:20:00,401.45,401.85,399.8,399.95
2023-07-14 09:25:00,399.95,400.6,399.4,400.4
2023-07-14 09:30:00,400.45,400.75,399.5,400.15
2023-07-14 09:35:00,400.15,400.25,399.55,400.0
2023-07-14 09:40:00,399.95,400.0,399.6,399.95
2023-07-14 09:45:00,399.65,400.0,399.55,399.85
2023-07-14 09:50:00,399.85,400.0,399.55,399.55
2023-07-14 09:55:00,399.8,400.0,399.55,399.65
2023-07-14 10:00:00,399.65,399.95,399.0,399.4
2023-07-14 10:05:00,399.5,399.5,398.8,399.0
2023-07-14 10:10:00,399.0,399.3,398.3,399.0
2023-07-14 10:15:00,399.1,399.3,398.25,398.7
2023-07-14 10:20:00,398.7,398.8,398.05,398.5
2023-07-14 10:25:00,398.4,398.75,398.05,398.6
2023-07-14 10:30:00,398.6,398.65,398.1,398.6
2023-07-14 10:35:00,398.6,399.0,398.4,399.0
2023-07-14 10:40:00,399.0,399.0,398.6,399.0
2023-07-14 10:45:00,398.75,398.95,398.05,398.7
2023-07-14 10:50:00,398.5,398.7,398.2,398.55
2023-07-14 10:55:00,398.65,398.9,398.3,398.7
2023-07-14 11:00:00,398.7,398.95,398.05,398.2
2023-07-14 11:05:00,398.2,398.45,398.0,398.3
2023-07-14 11:10:00,398.2,398.4,398.05,398.4
2023-07-14 11:15:00,398.3,398.95,398.15,398.85
2023-07-14 11:20:00,398.85,398.95,398.25,398.45
2023-07-14 11:25:00,398.45,398.6,398.0,398.6
2023-07-14 11:30:00,398.6,398.95,398.1,398.5
2023-07-14 11:35:00,398.8,398.95,398.4,398.85
2023-07-14 11:40:00,398.55,398.85,398.2,398.7
2023-07-14 11:45:00,398.75,398.95,398.35,398.65
2023-07-14 11:50:00,398.85,398.9,398.6,398.8
2023-07-14 11:55:00,398.9,399.65,398.6,399.5
2023-07-14 12:00:00,399.65,399.95,399.5,399.9
2023-07-14 12:05:00,399.9,399.95,399.4,399.8
2023-07-14 12:10:00,399.6,400.0,399.55,400.0
2023-07-14 12:15:00,399.95,400.0,399.55,399.9
2023-07-14 12:20:00,399.9,400.9,399.7,400.85
2023-07-14 12:25:00,400.85,401.0,399.7,399.7
2023-07-14 12:30:00,399.7,400.75,399.7,400.4
2023-07-14 12:35:00,400.35,400.5,399.75,400.25
2023-07-14 12:40:00,399.85,400.25,399.8,399.85
2023-07-14 12:45:00,400.0,400.5,399.9,400.4
2023-07-14 12:50:00,400.4,400.5,400.05,400.05
2023-07-14 12:55:00,400.05,400.25,399.8,399.9
2023-07-14 13:00:00,400.0,400.25,399.8,400.0
2023-07-14 13:05:00,400.0,400.0,399.8,399.85
2023-07-14 13:10:00,399.85,399.95,399.7,399.95
2023-07-14 13:15:00,399.9,399.95,399.6,399.85
2023-07-14 13:20:00,399.85,400.0,399.65,399.7
2023-07-14 13:25:00,399.8,399.8,399.0,399.2
2023-07-14 13:30:00,399.0,399.55,399.0,399.45
2023-07-14 13:35:00,399.5,399.5,398.8,398.9
2023-07-14 13:40:00,398.9,399.5,398.55,399.45
2023-07-14 13:45:00,399.6,399.75,399.15,399.4
2023-07-14 13:50:00,399.4,399.6,399.2,399.55
2023-07-14 13:55:00,399.6,399.6,399.0,399.0
2023-07-14 14:00:00,399.2,399.25,398.55,398.85
2023-07-14 14:05:00,399.1,399.75,399.1,399.45
2023-07-14 14:10:00,399.45,399.75,399.25,399.3
2023-07-14 14:15:00,399.0,399.3,398.75,398.85
2023-07-14 14:20:00,398.85,399.1,398.65,398.9
2023-07-14 14:25:00,398.7,401.5,398.7,399.4
2023-07-14 14:30:00,399.4,399.9,398.55,399.0
2023-07-14 14:35:00,398.75,399.0,398.5,398.85
2023-07-14 14:40:00,398.85,398.95,398.55,398.8
2023-07-14 14:45:00,398.9,398.95,398.6,398.9
2023-07-14 14:50:00,398.65,398.8,397.6,397.6
2023-07-14 14:55:00,397.7,398.0,397.7,397.85
2023-07-14 15:00:00,397.9,400.65,397.8,399.4
2023-07-14 15:05:00,399.4,399.7,399.15,399.25
2023-07-14 15:10:00,399.3,399.4,398.65,398.9
2023-07-14 15:15:00,398.7,399.15,398.7,398.9
2023-07-14 15:20:00,398.9,399.0,398.3,398.5
2023-07-14 15:25:00,398.5,398.65,397.5,398.6
2023-07-17 09:15:00,401.7,403.5,401.05,403.15
2023-07-17 09:20:00,403.15,410.0,403.15,409.2
2023-07-17 09:25:00,409.0,410.95,407.5,408.5
2023-07-17 09:30:00,408.5,409.45,408.15,408.55
2023-07-17 09:35:00,408.1,408.85,406.1,406.7
2023-07-17 09:40:00,406.65,407.85,406.65,407.5
2023-07-17 09:45:00,406.9,408.7,406.9,408.2
2023-07-17 09:50:00,408.4,409.0,407.45,407.85
2023-07-17 09:55:00,407.6,408.3,407.3,408.0
2023-07-17 10:00:00,408.15,408.45,407.7,408.0
2023-07-17 10:05:00,407.7,408.2,406.6,406.9
2023-07-17 10:10:00,406.9,406.9,406.45,406.45
2023-07-17 10:15:00,406.45,406.9,406.4,406.65
2023-07-17 10:20:00,406.55,406.8,405.9,406.0
2023-07-17 10:25:00,406.0,406.3,405.75,406.15
2023-07-17 10:30:00,406.2,406.5,405.8,406.45
2023-07-17 10:35:00,406.5,406.5,405.75,406.05
2023-07-17 10:40:00,406.15,406.15,405.45,405.7
2023-07-17 10:45:00,405.65,405.95,405.4,405.8
2023-07-17 10:50:00,405.6,406.0,405.45,405.7
2023-07-17 10:55:00,405.7,406.0,403.05,404.4
2023-07-17 11:00:00,404.2,404.5,401.75,404.05
2023-07-17 11:05:00,404.05,404.2,403.5,404.15
2023-07-17 11:10:00,404.2,405.3,404.05,404.4
2023-07-17 11:15:00,404.05,404.3,403.7,403.75
2023-07-17 11:20:00,403.95,404.25,403.0,404.25
2023-07-17 11:25:00,404.65,404.8,404.0,404.4
2023-07-17 11:30:00,404.4,405.0,404.05,405.0
2023-07-17 11:35:00,405.0,405.0,404.65,404.75
2023-07-17 11:40:00,405.0,405.3,404.7,404.7
2023-07-17 11:45:00,404.7,405.0,404.6,405.0
2023-07-17 11:50:00,404.95,404.95,404.35,404.95
2023-07-17 11:55:00,404.75,405.35,404.55,405.0
2023-07-17 12:00:00,405.0,405.2,404.45,404.45
2023-07-17 12:05:00,404.85,405.1,404.5,405.0
2023-07-17 12:10:00,404.65,405.05,404.5,404.75
2023-07-17 12:15:00,404.85,404.9,404.25,404.65
2023-07-17 12:20:00,404.65,404.75,404.3,404.7
2023-07-17 12:25:00,404.5,404.9,404.5,404.55
2023-07-17 12:30:00,404.75,404.9,404.0,404.45
2023-07-17 12:35:00,404.05,404.6,404.05,404.3
2023-07-17 12:40:00,404.1,404.4,403.25,403.8
2023-07-17 12:45:00,403.8,403.9,403.35,403.5
2023-07-17 12:50:00,403.5,403.6,402.55,402.9
2023-07-17 12:55:00,402.65,403.0,402.2,403.0
2023-07-17 13:00:00,403.0,403.55,402.95,403.5
2023-07-17 13:05:00,403.5,403.95,403.1,403.95
2023-07-17 13:10:00,404.0,404.0,403.2,403.4
2023-07-17 13:15:00,403.7,403.75,403.35,403.35
2023-07-17 13:20:00,403.3,403.85,403.3,403.85
2023-07-17 13:25:00,403.55,404.0,403.55,403.95
2023-07-17 13:30:00,404.0,404.6,403.75,404.0
2023-07-17 13:35:00,404.3,404.65,404.0,404.5
2023-07-17 13:40:00,404.5,404.85,404.05,404.55
2023-07-17 13:45:00,404.35,404.6,404.0,404.45
2023-07-17 13:50:00,404.15,404.95,404.05,404.55
2023-07-17 13:55:00,404.9,405.5,404.0,404.6
2023-07-17 14:00:00,404.6,405.0,404.25,404.6
2023-07-17 14:05:00,404.85,405.0,404.15,404.5
2023-07-17 14:10:00,404.3,404.7,404.05,404.3
2023-07-17 14:15:00,404.6,404.7,404.15,404.15
2023-07-17 14:20:00,404.15,404.5,404.0,404.25
2023-07-17 14:25:00,404.05,404.5,404.0,404.05
2023-07-17 14:30:00,404.3,404.45,403.85,403.85
2023-07-17 14:35:00,403.9,404.4,403.9,404.35
2023-07-17 14:40:00,404.35,404.35,402.8,403.0
2023-07-17 14:45:00,403.0,403.5,402.85,403.35
2023-07-17 14:50:00,403.35,403.35,402.2,403.0
2023-07-17 14:55:00,403.0,403.3,402.7,402.9
2023-07-17 15:00:00,402.9,403.3,402.7,402.8
2023-07-17 15:05:00,403.0,403.2,402.75,402.8
2023-07-17 15:10:00,403.0,403.1,402.5,402.65
2023-07-17 15:15:00,402.6,402.85,402.25,402.45
2023-07-17 15:20:00,402.4,402.85,402.2,402.6
2023-07-17 15:25:00,402.6,402.75,402.05,402.1
2023-07-18 09:15:00,404.9,405.5,403.5,403.5
2023-07-18 09:20:00,403.2,404.45,403.1,403.7
2023-07-18 09:25:00,403.6,403.85,403.0,403.4
2023-07-18 09:30:00,403.5,403.5,402.6,402.75
2023-07-18 09:35:00,402.6,403.0,402.15,402.5
2023-07-18 09:40:00,402.5,404.0,402.5,403.5
2023-07-18 09:45:00,403.3,403.75,402.8,403.4
2023-07-18 09:50:00,403.25,404.5,403.25,404.0
2023-07-18 09:55:00,404.0,404.75,403.6,404.75
2023-07-18 10:00:00,404.7,406.4,404.35,405.8
2023-07-18 10:05:00,405.8,405.95,404.95,405.3
2023-07-18 10:10:00,405.45,405.95,405.0,405.4
2023-07-18 10:15:00,405.3,405.85,405.0,405.7
2023-07-18 10:20:00,405.4,405.9,404.6,404.6
2023-07-18 10:25:00,404.75,405.7,404.5,405.45
2023-07-18 10:30:00,405.2,407.0,405.0,407.0
2023-07-18 10:35:00,407.3,411.7,406.8,411.3
2023-07-18 10:40:00,411.7,411.85,410.05,411.35
2023-07-18 10:45:00,411.5,414.5,411.0,413.95
2023-07-18 10:50:00,413.7,413.85,410.45,410.45
2023-07-18 10:55:00,411.0,411.5,410.1,411.0
2023-07-18 11:00:00,411.25,411.25,409.65,410.25
2023-07-18 11:05:00,410.25,410.3,408.8,409.0
2023-07-18 11:10:00,409.3,409.3,408.15,408.4
2023-07-18 11:15:00,408.5,409.4,407.45,407.75
2023-07-18 11:20:00,407.7,408.85,407.3,408.5
2023-07-18 11:25:00,408.45,408.5,406.8,407.95
2023-07-18 11:30:00,407.7,408.0,406.6,407.25
2023-07-18 11:35:00,406.95,407.45,406.4,407.05
2023-07-18 11:40:00,407.2,407.45,406.4,406.6
2023-07-18 11:45:00,406.8,407.75,406.4,407.55
2023-07-18 11:50:00,407.65,407.65,406.6,407.45
2023-07-18 11:55:00,407.25,407.3,406.6,406.65
2023-07-18 12:00:00,406.75,406.9,406.0,406.0
2023-07-18 12:05:00,406.25,406.25,405.5,406.2
2023-07-18 12:10:00,406.2,406.4,405.55,406.35
2023-07-18 12:15:00,406.35,407.05,406.05,406.6
2023-07-18 12:20:00,406.6,407.0,406.25,406.65
2023-07-18 12:25:00,406.9,407.8,406.65,407.8
2023-07-18 12:30:00,407.6,407.8,407.1,407.3
2023-07-18 12:35:00,407.3,407.7,406.7,406.7
2023-07-18 12:40:00,406.85,407.5,406.55,407.15
2023-07-18 12:45:00,407.2,407.2,406.55,407.0
2023-07-18 12:50:00,407.2,407.85,407.0,407.5
2023-07-18 12:55:00,407.5,407.5,406.95,407.2
2023-07-18 13:00:00,407.2,407.3,406.55,406.9
2023-07-18 13:05:00,406.85,407.2,406.6,407.15
2023-07-18 13:10:00,407.15,407.7,406.75,407.15
2023-07-18 13:15:00,407.0,407.35,406.85,407.0
2023-07-18 13:20:00,407.0,407.3,406.5,406.8
2023-07-18 13:25:00,406.8,407.0,406.5,406.65
2023-07-18 13:30:00,406.5,406.9,406.2,406.6
2023-07-18 13:35:00,406.8,406.95,406.1,406.85
2023-07-18 13:40:00,406.85,407.0,406.4,406.95
2023-07-18 13:45:00,406.7,407.3,406.7,407.1
2023-07-18 13:50:00,407.05,407.9,407.0,407.6
2023-07-18 13:55:00,407.45,408.0,407.2,407.8
2023-07-18 14:00:00,408.0,408.0,407.35,407.35
2023-07-18 14:05:00,407.5,407.7,407.1,407.55
2023-07-18 14:10:00,407.55,407.8,407.4,407.4
2023-07-18 14:15:00,407.7,407.7,406.3,406.3
2023-07-18 14:20:00,406.4,406.7,406.05,406.5
2023-07-18 14:25:00,406.5,406.5,405.8,406.05
2023-07-18 14:30:00,406.0,406.5,405.7,406.2
2023-07-18 14:35:00,406.2,406.6,405.8,406.35
2023-07-18 14:40:00,406.35,406.65,406.0,406.45
2023-07-18 14:45:00,406.75,407.5,406.05,407.0
2023-07-18 14:50:00,407.0,407.0,405.6,406.25
2023-07-18 14:55:00,405.95,406.45,405.95,406.25
2023-07-18 15:00:00,406.25,406.9,406.25,406.9
2023-07-18 15:05:00,406.75,406.95,406.05,406.35
2023-07-18 15:10:00,406.45,406.7,406.1,406.2
2023-07-18 15:15:00,406.25,406.45,405.8,405.9
2023-07-18 15:20:00,405.85,406.0,405.7,405.85
2023-07-18 15:25:00,405.75,406.0,405.75,405.8
2023-07-19 09:15:00,408.0,409.45,406.85,407.7
2023-07-19 09:20:00,407.25,408.95,407.25,408.0
2023-07-19 09:25:00,407.95,408.3,407.5,408.2
2023-07-19 09:30:00,408.0,408.0,407.2,407.5
2023-07-19 09:35:00,407.3,407.5,406.5,407.05
2023-07-19 09:40:00,407.4,407.5,406.55,407.05
2023-07-19 09:45:00,407.05,407.7,407.0,407.0
2023-07-19 09:50:00,407.0,407.4,406.6,407.15
2023-07-19 09:55:00,407.0,407.45,406.75,407.0
2023-07-19 10:00:00,406.9,407.4,406.3,407.2
2023-07-19 10:05:00,407.15,407.3,406.75,407.05
2023-07-19 10:10:00,407.05,407.15,406.25,406.8
2023-07-19 10:15:00,406.5,407.0,406.1,406.5
2023-07-19 10:20:00,406.45,406.85,406.2,406.85
2023-07-19 10:25:00,406.8,406.85,405.5,406.3
2023-07-19 10:30:00,406.1,406.35,405.05,405.4
2023-07-19 10:35:00,405.4,405.5,404.85,405.05
2023-07-19 10:40:00,405.3,405.75,405.05,405.05
2023-07-19 10:45:00,405.2,405.45,404.55,405.0
2023-07-19 10:50:00,405.05,405.4,404.5,405.4
2023-07-19 10:55:00,405.1,405.5,404.5,404.9
2023-07-19 11:00:00,404.85,404.9,403.95,404.7
2023-07-19 11:05:00,404.95,404.95,404.4,404.6
2023-07-19 11:10:00,404.5,405.55,404.5,405.0
2023-07-19 11:15:00,404.75,404.95,403.5,404.3
2023-07-19 11:20:00,404.35,404.35,403.05,404.1
2023-07-19 11:25:00,404.35,404.5,403.7,404.5
2023-07-19 11:30:00,404.5,404.65,404.2,404.5
2023-07-19 11:35:00,404.6,404.65,404.2,404.6
2023-07-19 11:40:00,404.7,405.0,404.2,404.25
2023-07-19 11:45:00,404.05,404.5,404.05,404.4
2023-07-19 11:50:00,404.4,404.4,403.5,403.95
2023-07-19 11:55:00,403.95,404.2,403.65,404.2
2023-07-19 12:00:00,404.25,404.95,404.0,404.6
2023-07-19 12:05:00,404.6,404.8,404.0,404.35
2023-07-19 12:10:00,404.35,404.35,403.4,404.05
2023-07-19 12:15:00,404.05,404.05,402.1,403.2
2023-07-19 12:20:00,403.2,403.4,402.75,403.2
2023-07-19 12:25:00,403.2,403.5,402.9,403.5
2023-07-19 12:30:00,403.5,403.8,403.15,403.8
2023-07-19 12:35:00,403.8,403.9,403.4,403.4
2023-07-19 12:40:00,403.6,403.7,403.2,403.55
2023-07-19 12:45:00,403.55,403.8,403.25,403.35
2023-07-19 12:50:00,403.6,404.4,403.35,404.1
2023-07-19 12:55:00,403.85,404.2,403.5,403.6
2023-07-19 13:00:00,403.65,404.1,403.4,404.05
2023-07-19 13:05:00,403.9,404.0,403.4,403.9
2023-07-19 13:10:00,403.8,404.0,403.75,404.0
2023-07-19 13:15:00,404.0,404.0,403.6,403.6
2023-07-19 13:20:00,403.9,404.0,403.55,403.8
2023-07-19 13:25:00,403.6,403.9,403.25,403.6
2023-07-19 13:30:00,403.35,403.65,402.8,403.0
2023-07-19 13:35:00,403.0,403.3,402.6,403.15
2023-07-19 13:40:00,403.15,403.4,402.75,402.75
2023-07-19 13:45:00,403.05,403.4,402.5,403.35
2023-07-19 13:50:00,403.3,403.4,403.0,403.25
2023-07-19 13:55:00,403.3,403.3,402.9,403.0
2023-07-19 14:00:00,403.0,403.0,402.6,402.8
2023-07-19 14:05:00,402.9,403.0,402.35,402.9
2023-07-19 14:10:00,402.9,403.0,402.65,402.85
2023-07-19 14:15:00,402.85,402.9,402.35,402.55
2023-07-19 14:20:00,402.55,402.6,401.5,402.05
2023-07-19 14:25:00,402.35,402.6,401.95,402.3
2023-07-19 14:30:00,402.25,402.4,401.85,401.85
2023-07-19 14:35:00,402.25,402.3,401.85,402.0
2023-07-19 14:40:00,402.0,402.5,401.75,402.35
2023-07-19 14:45:00,402.2,402.5,402.0,402.1
2023-07-19 14:50:00,402.15,402.5,402.05,402.45
2023-07-19 14:55:00,402.15,402.6,402.0,402.15
2023-07-19 15:00:00,402.2,402.5,402.0,402.45
2023-07-19 15:05:00,402.45,402.8,402.25,402.8
2023-07-19 15:10:00,402.8,402.95,402.4,402.4
2023-07-19 15:15:00,402.35,402.6,400.0,401.85
2023-07-19 15:20:00,401.7,402.15,401.0,401.0
2023-07-19 15:25:00,401.0,402.0,400.9,402.0
2023-07-20 09:15:00,402.1,403.4,401.9,403.0
2023-07-20 09:20:00,402.45,403.1,402.1,403.0
2023-07-20 09:25:00,402.75,402.95,402.05,402.5
2023-07-20 09:30:00,402.5,403.0,402.1,402.1
2023-07-20 09:35:00,402.1,403.0,402.1,402.15
2023-07-20 09:40:00,402.3,402.4,401.05,401.6
2023-07-20 09:45:00,401.75,402.0,400.3,400.9
2023-07-20 09:50:00,400.8,401.65,400.6,400.95
2023-07-20 09:55:00,401.0,401.95,400.8,401.5
2023-07-20 10:00:00,401.5,401.95,401.3,401.85
2023-07-20 10:05:00,401.7,401.9,401.5,401.55
2023-07-20 10:10:00,401.7,401.7,401.5,401.6
2023-07-20 10:15:00,401.6,401.8,401.3,401.8
2023-07-20 10:20:00,401.8,401.95,401.6,401.8
2023-07-20 10:25:00,401.85,402.65,401.8,402.6
2023-07-20 10:30:00,402.6,403.0,402.5,402.5
2023-07-20 10:35:00,402.6,403.2,402.25,402.55
2023-07-20 10:40:00,402.55,403.2,402.35,402.8
2023-07-20 10:45:00,402.8,402.8,402.15,402.5
2023-07-20 10:50:00,402.2,402.5,402.0,402.45
2023-07-20 10:55:00,402.35,402.5,401.45,401.8
2023-07-20 11:00:00,401.5,402.35,401.5,402.15
2023-07-20 11:05:00,402.25,402.45,401.55,402.3
2023-07-20 11:10:00,402.0,402.15,401.35,401.95
2023-07-20 11:15:00,401.95,402.0,401.35,401.9
2023-07-20 11:20:00,401.9,402.0,401.35,401.85
2023-07-20 11:25:00,401.4,402.25,401.4,401.85
2023-07-20 11:30:00,401.95,402.0,401.3,402.0
2023-07-20 11:35:00,401.85,402.4,401.8,402.25
2023-07-20 11:40:00,401.8,402.4,401.7,402.3
2023-07-20 11:45:00,402.4,402.4,402.1,402.4
2023-07-20 11:50:00,402.1,402.35,401.8,401.85
2023-07-20 11:55:00,402.2,402.25,401.8,401.9
2023-07-20 12:00:00,402.0,402.25,401.95,402.2
2023-07-20 12:05:00,402.05,402.15,401.8,402.1
2023-07-20 12:10:00,402.0,402.0,401.5,401.8
2023-07-20 12:15:00,401.7,402.3,401.65,401.8
2023-07-20 12:20:00,401.8,402.15,401.7,401.85
2023-07-20 12:25:00,401.85,402.1,401.6,401.9
2023-07-20 12:30:00,401.95,402.0,401.5,401.6
2023-07-20 12:35:00,401.9,402.1,401.6,402.0
2023-07-20 12:40:00,402.0,402.0,401.3,401.5
2023-07-20 12:45:00,401.5,401.7,401.3,401.65
2023-07-20 12:50:00,401.45,402.0,401.1,401.75
2023-07-20 12:55:00,401.5,401.75,401.3,401.5
2023-07-20 13:00:00,401.65,402.25,401.3,401.7
2023-07-20 13:05:00,401.75,402.2,401.7,402.15
2023-07-20 13:10:00,402.0,402.3,401.3,401.8
2023-07-20 13:15:00,401.3,402.0,401.2,401.25
2023-07-20 13:20:00,401.55,401.75,401.1,401.2
2023-07-20 13:25:00,401.3,401.7,401.25,401.4
2023-07-20 13:30:00,401.7,401.9,401.1,401.75
2023-07-20 13:35:00,401.75,401.8,401.0,401.0
2023-07-20 13:40:00,401.1,401.55,401.0,401.35
2023-07-20 13:45:00,401.3,402.0,401.3,401.35
2023-07-20 13:50:00,401.55,401.55,401.3,401.35
2023-07-20 13:55:00,401.55,401.55,401.2,401.5
2023-07-20 14:00:00,401.5,401.7,401.3,401.65
2023-07-20 14:05:00,401.35,401.95,401.3,401.7
2023-07-20 14:10:00,401.7,401.7,401.3,401.3
2023-07-20 14:15:00,401.5,401.8,401.25,401.7
2023-07-20 14:20:00,401.5,401.7,401.3,401.5
2023-07-20 14:25:00,401.5,401.65,401.2,401.25
2023-07-20 14:30:00,401.25,401.55,401.0,401.05
2023-07-20 14:35:00,401.1,401.45,401.0,401.3
2023-07-20 14:40:00,401.3,401.5,401.0,401.0
2023-07-20 14:45:00,401.0,401.25,401.0,401.1
2023-07-20 14:50:00,401.1,401.4,401.05,401.1
2023-07-20 14:55:00,401.1,401.5,401.1,401.4
2023-07-20 15:00:00,401.4,401.45,401.15,401.35
2023-07-20 15:05:00,401.15,401.45,401.1,401.45
2023-07-20 15:10:00,401.4,401.65,401.25,401.5
2023-07-20 15:15:00,401.5,401.5,401.0,401.3
2023-07-20 15:20:00,401.1,401.45,401.05,401.35
2023-07-20 15:25:00,401.15,402.0,401.1,401.95
2023-07-21 09:15:00,401.05,401.45,399.1,399.85
2023-07-21 09:20:00,399.8,401.5,399.6,401.45
2023-07-21 09:25:00,401.5,402.45,401.1,401.25
2023-07-21 09:30:00,401.25,403.1,401.0,402.15
2023-07-21 09:35:00,402.25,402.65,401.55,402.0
2023-07-21 09:40:00,402.0,402.0,401.0,401.4
2023-07-21 09:45:00,401.2,403.5,401.05,403.0
2023-07-21 09:50:00,403.05,403.05,402.25,402.45
2023-07-21 09:55:00,402.25,402.9,402.25,402.85
2023-07-21 10:00:00,402.85,402.85,402.1,402.3
2023-07-21 10:05:00,402.2,402.3,401.7,401.7
2023-07-21 10:10:00,402.0,402.5,401.55,401.8
2023-07-21 10:15:00,401.8,402.3,401.3,401.55
2023-07-21 10:20:00,401.5,401.85,401.3,401.55
2023-07-21 10:25:00,401.55,401.9,401.15,401.5
2023-07-21 10:30:00,401.5,401.8,401.2,401.5
2023-07-21 10:35:00,401.35,401.7,401.2,401.5
2023-07-21 10:40:00,401.4,401.95,401.4,401.95
2023-07-21 10:45:00,401.95,403.85,401.8,402.65
2023-07-21 10:50:00,402.85,402.85,402.3,402.45
2023-07-21 10:55:00,402.5,402.65,402.0,402.15
2023-07-21 11:00:00,402.1,402.95,402.0,402.25
2023-07-21 11:05:00,402.2,402.45,401.8,401.8
2023-07-21 11:10:00,402.05,402.05,401.55,401.6
2023-07-21 11:15:00,401.55,401.95,401.4,401.5
2023-07-21 11:20:00,401.55,401.85,401.2,401.5
2023-07-21 11:25:00,401.5,401.5,401.0,401.35
2023-07-21 11:30:00,401.35,401.5,401.05,401.45
2023-07-21 11:35:00,401.45,401.5,401.0,401.2
2023-07-21 11:40:00,401.2,401.2,401.0,401.2
2023-07-21 11:45:00,401.2,401.45,401.05,401.05
2023-07-21 11:50:00,401.1,401.1,400.5,401.0
2023-07-21 11:55:00,401.05,401.1,400.5,400.85
2023-07-21 12:00:00,400.9,401.05,400.65,400.65
2023-07-21 12:05:00,400.85,401.45,400.6,401.25
2023-07-21 12:10:00,401.25,401.25,400.7,400.8
2023-07-21 12:15:00,401.0,401.35,400.85,401.0
2023-07-21 12:20:00,400.9,401.2,400.8,400.85
2023-07-21 12:25:00,401.0,401.2,400.6,400.9
2023-07-21 12:30:00,400.9,400.9,400.4,400.5
2023-07-21 12:35:00,400.5,400.95,400.25,400.95
2023-07-21 12:40:00,400.7,401.1,400.7,400.95
2023-07-21 12:45:00,400.9,401.0,400.7,400.95
2023-07-21 12:50:00,401.0,401.0,400.3,400.7
2023-07-21 12:55:00,400.95,400.95,400.2,400.5
2023-07-21 13:00:00,400.5,400.5,400.05,400.5
2023-07-21 13:05:00,400.5,400.65,400.25,400.3
2023-07-21 13:10:00,400.35,400.65,400.25,400.6
2023-07-21 13:15:00,400.5,400.8,400.35,400.8
2023-07-21 13:20:00,400.4,400.95,400.35,400.9
2023-07-21 13:25:00,400.9,400.95,400.45,400.8
2023-07-21 13:30:00,400.55,400.95,400.55,400.95
2023-07-21 13:35:00,400.75,400.95,400.55,400.85
2023-07-21 13:40:00,400.8,400.85,400.5,400.7
2023-07-21 13:45:00,400.5,400.8,400.45,400.8
2023-07-21 13:50:00,400.85,400.85,400.45,400.7
2023-07-21 13:55:00,400.7,400.8,400.25,400.4
2023-07-21 14:00:00,400.7,400.7,400.25,400.3
2023-07-21 14:05:00,400.45,400.55,400.0,400.0
2023-07-21 14:10:00,400.0,400.4,400.0,400.05
2023-07-21 14:15:00,400.1,400.4,400.0,400.1
2023-07-21 14:20:00,400.1,400.3,399.65,399.7
2023-07-21 14:25:00,399.7,399.85,399.5,399.75
2023-07-21 14:30:00,399.75,400.0,399.7,399.85
2023-07-21 14:35:00,399.85,400.0,399.55,399.7
2023-07-21 14:40:00,399.7,399.95,399.55,399.6
2023-07-21 14:45:00,399.6,399.8,399.5,399.8
2023-07-21 14:50:00,399.7,399.8,399.4,399.7
2023-07-21 14:55:00,399.7,399.7,399.15,399.4
2023-07-21 15:00:00,399.2,399.5,399.15,399.45
2023-07-21 15:05:00,399.5,399.7,399.25,399.6
2023-07-21 15:10:00,400.9,400.9,399.4,399.6
2023-07-21 15:15:00,399.8,400.5,399.5,400.25
2023-07-21 15:20:00,400.3,400.5,400.05,400.2
2023-07-21 15:25:00,400.25,400.5,400.0,400.5
2023-07-24 09:15:00,403.0,403.45,400.55,401.4
2023-07-24 09:20:00,401.75,402.4,401.35,402.2
2023-07-24 09:25:00,402.4,402.45,401.1,401.4
2023-07-24 09:30:00,401.4,401.5,400.55,400.6
2023-07-24 09:35:00,400.9,401.0,400.0,400.4
2023-07-24 09:40:00,400.4,400.6,400.0,400.05
2023-07-24 09:45:00,400.05,400.3,399.55,400.0
2023-07-24 09:50:00,400.0,400.2,399.65,400.0
2023-07-24 09:55:00,400.0,400.15,399.5,400.0
2023-07-24 10:00:00,399.9,400.8,399.9,400.4
2023-07-24 10:05:00,400.7,401.0,400.3,400.6
2023-07-24 10:10:00,400.9,400.9,400.1,400.25
2023-07-24 10:15:00,400.45,400.85,400.1,400.65
2023-07-24 10:20:00,400.65,400.65,400.0,400.05
2023-07-24 10:25:00,400.5,400.5,400.05,400.25
2023-07-24 10:30:00,400.25,400.95,400.0,400.35
2023-07-24 10:35:00,400.15,400.5,400.0,400.1
2023-07-24 10:40:00,400.3,400.35,400.0,400.1
2023-07-24 10:45:00,400.3,400.45,400.1,400.45
2023-07-24 10:50:00,400.2,400.65,400.0,400.4
2023-07-24 10:55:00,400.65,400.65,400.05,400.45
2023-07-24 11:00:00,400.45,400.7,400.2,400.7
2023-07-24 11:05:00,400.7,400.7,400.25,400.45
2023-07-24 11:10:00,400.7,400.7,400.0,400.3
2023-07-24 11:15:00,400.5,400.7,400.0,400.05
2023-07-24 11:20:00,400.15,400.7,400.05,400.15
2023-07-24 11:25:00,400.15,400.75,400.15,400.3
2023-07-24 11:30:00,400.5,400.55,400.15,400.2
2023-07-24 11:35:00,400.2,400.5,400.2,400.2
2023-07-24 11:40:00,400.2,400.5,400.05,400.25
2023-07-24 11:45:00,400.05,400.25,399.85,399.9
2023-07-24 11:50:00,400.0,400.0,399.75,399.75
2023-07-24 11:55:00,399.7,399.9,399.2,399.2
2023-07-24 12:00:00,399.35,399.5,399.2,399.4
2023-07-24 12:05:00,399.4,399.5,399.05,399.05
2023-07-24 12:10:00,399.35,399.4,399.0,399.4
2023-07-24 12:15:00,399.05,399.45,399.05,399.4
2023-07-24 12:20:00,399.4,400.0,399.35,399.9
2023-07-24 12:25:00,399.9,400.25,399.85,400.2
2023-07-24 12:30:00,400.0,400.2,399.9,399.95
2023-07-24 12:35:00,400.0,401.0,399.8,400.4
2023-07-24 12:40:00,400.75,400.95,400.05,400.1
2023-07-24 12:45:00,400.35,400.75,400.1,400.2
2023-07-24 12:50:00,400.55,400.55,400.1,400.3
2023-07-24 12:55:00,400.5,400.7,400.1,400.6
2023-07-24 13:00:00,400.5,400.85,400.2,400.25
2023-07-24 13:05:00,400.25,400.45,400.0,400.15
2023-07-24 13:10:00,400.4,400.45,400.1,400.3
2023-07-24 13:15:00,400.1,400.3,400.0,400.1
2023-07-24 13:20:00,400.0,400.2,399.65,399.65
2023-07-24 13:25:00,399.9,400.0,399.65,399.9
2023-07-24 13:30:00,399.9,399.95,399.6,399.75
2023-07-24 13:35:00,399.9,400.0,399.7,399.95
2023-07-24 13:40:00,399.8,399.95,399.4,399.5
2023-07-24 13:45:00,399.5,399.6,399.0,399.0
2023-07-24 13:50:00,399.0,399.25,399.0,399.25
2023-07-24 13:55:00,399.1,399.7,399.05,399.65
2023-07-24 14:00:00,399.65,400.45,399.4,399.8
2023-07-24 14:05:00,400.0,400.35,399.7,400.15
2023-07-24 14:10:00,400.15,400.3,400.0,400.0
2023-07-24 14:15:00,400.0,400.2,399.35,399.6
2023-07-24 14:20:00,399.65,399.8,399.05,399.6
2023-07-24 14:25:00,399.5,399.9,399.1,399.55
2023-07-24 14:30:00,399.5,399.85,399.1,399.5
2023-07-24 14:35:00,399.5,399.75,399.05,399.2
2023-07-24 14:40:00,399.2,399.5,399.15,399.5
2023-07-24 14:45:00,399.5,399.5,399.15,399.2
2023-07-24 14:50:00,399.2,399.6,399.05,399.3
2023-07-24 14:55:00,399.15,399.5,399.1,399.4
2023-07-24 15:00:00,399.25,399.35,398.5,398.6
2023-07-24 15:05:00,398.6,399.0,398.2,399.0
2023-07-24 15:10:00,399.0,399.0,398.3,398.5
2023-07-24 15:15:00,398.7,398.8,398.25,398.6
2023-07-24 15:20:00,398.55,398.7,398.2,398.35
2023-07-24 15:25:00,398.35,398.35,398.0,398.05
2023-07-25 09:15:00,398.85,401.7,398.1,398.85
2023-07-25 09:20:00,398.9,398.9,398.0,398.4
2023-07-25 09:25:00,398.4,399.0,398.15,399.0
2023-07-25 09:30:00,399.0,399.0,398.4,399.0
2023-07-25 09:35:00,399.0,399.35,398.8,399.35
2023-07-25 09:40:00,399.7,399.7,399.3,399.4
2023-07-25 09:45:00,399.4,400.4,399.25,399.75
2023-07-25 09:50:00,399.9,400.0,399.0,399.45
2023-07-25 09:55:00,399.45,400.1,399.0,400.1
2023-07-25 10:00:00,400.0,401.5,400.0,401.0
2023-07-25 10:05:00,401.0,401.3,400.55,400.55
2023-07-25 10:10:00,401.0,403.9,401.0,403.0
2023-07-25 10:15:00,402.95,405.0,402.95,404.1
2023-07-25 10:20:00,404.65,404.85,402.5,402.9
2023-07-25 10:25:00,402.55,403.15,401.15,401.9
2023-07-25 10:30:00,401.7,401.95,401.2,401.55
2023-07-25 10:35:00,401.6,402.5,401.6,402.35
2023-07-25 10:40:00,402.25,402.5,401.55,401.65
2023-07-25 10:45:00,401.6,402.45,401.6,402.15
2023-07-25 10:50:00,402.35,402.45,401.7,401.95
2023-07-25 10:55:00,402.0,402.0,401.5,401.5
2023-07-25 11:00:00,401.6,401.7,401.1,401.2
2023-07-25 11:05:00,401.45,401.5,400.2,400.6
2023-07-25 11:10:00,400.75,401.15,400.3,401.0
2023-07-25 11:15:00,401.0,402.6,400.75,402.0
2023-07-25 11:20:00,402.0,402.3,401.75,402.15
2023-07-25 11:25:00,401.85,402.3,401.6,401.85
2023-07-25 11:30:00,401.8,402.1,400.9,401.25
2023-07-25 11:35:00,401.4,401.45,401.15,401.25
2023-07-25 11:40:00,401.25,401.5,400.8,401.3
2023-07-25 11:45:00,401.15,402.0,400.9,401.0
2023-07-25 11:50:00,401.0,401.3,400.9,401.0
2023-07-25 11:55:00,400.95,401.45,400.6,401.4
2023-07-25 12:00:00,401.4,401.7,400.5,400.6
2023-07-25 12:05:00,400.6,401.05,400.5,400.95
2023-07-25 12:10:00,400.75,400.95,400.5,400.6
2023-07-25 12:15:00,400.6,400.8,400.55,400.65
2023-07-25 12:20:00,400.65,400.8,400.6,400.65
2023-07-25 12:25:00,400.65,400.8,400.5,400.6
2023-07-25 12:30:00,400.65,400.8,400.5,400.55
2023-07-25 12:35:00,400.75,400.95,400.55,400.9
2023-07-25 12:40:00,400.65,400.85,400.3,400.85
2023-07-25 12:45:00,400.9,401.5,400.85,401.15
2023-07-25 12:50:00,401.05,401.45,400.95,401.45
2023-07-25 12:55:00,401.4,401.6,400.55,400.6
2023-07-25 13:00:00,400.6,401.25,400.05,400.3
2023-07-25 13:05:00,400.3,401.0,400.05,400.7
2023-07-25 13:10:00,400.55,400.95,400.35,400.95
2023-07-25 13:15:00,401.0,401.0,400.5,400.7
2023-07-25 13:20:00,400.65,400.9,400.0,400.4
2023-07-25 13:25:00,400.25,400.25,399.6,399.6
2023-07-25 13:30:00,399.6,399.9,399.0,399.35
2023-07-25 13:35:00,399.2,399.95,399.15,399.4
2023-07-25 13:40:00,399.65,399.9,399.05,399.9
2023-07-25 13:45:00,399.35,399.9,399.35,399.8
2023-07-25 13:50:00,399.85,399.9,399.15,399.5
2023-07-25 13:55:00,399.4,399.7,399.05,399.4
2023-07-25 14:00:00,399.35,400.0,399.15,399.65
2023-07-25 14:05:00,399.9,402.0,399.55,400.75
2023-07-25 14:10:00,400.7,401.95,400.7,401.5
2023-07-25 14:15:00,401.65,402.4,401.2,401.2
2023-07-25 14:20:00,401.35,401.75,401.1,401.2
2023-07-25 14:25:00,401.2,401.65,400.8,401.35
2023-07-25 14:30:00,401.5,403.9,401.3,402.7
2023-07-25 14:35:00,402.7,407.0,401.4,406.95
2023-07-25 14:40:00,406.8,415.0,406.8,414.55
2023-07-25 14:45:00,415.0,417.7,411.65,417.4
2023-07-25 14:50:00,417.0,419.65,414.8,417.45
2023-07-25 14:55:00,417.65,418.4,413.2,414.15
2023-07-25 15:00:00,414.0,416.5,413.75,414.75
2023-07-25 15:05:00,414.75,418.3,414.1,414.7
2023-07-25 15:10:00,414.8,419.0,414.55,417.3
2023-07-25 15:15:00,417.25,418.45,415.8,415.95
2023-07-25 15:20:00,416.0,416.8,414.55,416.8
2023-07-25 15:25:00,416.75,418.5,416.25,418.25
2023-07-26 09:15:00,417.0,419.0,412.55,414.25
2023-07-26 09:20:00,414.2,421.0,414.0,419.1
2023-07-26 09:25:00,419.0,422.7,418.3,421.8
2023-07-26 09:30:00,422.3,422.3,417.0,417.35
2023-07-26 09:35:00,417.5,418.0,415.9,416.15
2023-07-26 09:40:00,416.85,418.0,416.1,417.35
2023-07-26 09:45:00,417.6,419.95,417.2,419.95
2023-07-26 09:50:00,419.9,421.0,418.75,419.4
2023-07-26 09:55:00,419.0,419.8,418.4,418.85
2023-07-26 10:00:00,418.65,418.85,417.65,417.65
2023-07-26 10:05:00,417.8,418.8,417.5,417.8
2023-07-26 10:10:00,417.7,418.2,417.2,417.5
2023-07-26 10:15:00,417.05,418.0,416.55,416.55
2023-07-26 10:20:00,416.65,417.8,416.6,417.5
2023-07-26 10:25:00,417.5,418.45,417.2,418.15
2023-07-26 10:30:00,418.4,418.4,416.55,416.95
2023-07-26 10:35:00,417.0,417.4,415.0,416.6
2023-07-26 10:40:00,416.45,417.4,416.0,417.4
2023-07-26 10:45:00,417.05,417.7,417.0,417.3
2023-07-26 10:50:00,417.25,420.55,417.0,420.0
2023-07-26 10:55:00,420.1,421.95,419.55,421.3
2023-07-26 11:00:00,421.0,421.5,420.55,420.65
2023-07-26 11:05:00,420.65,420.65,419.65,420.3
2023-07-26 11:10:00,420.45,420.45,420.0,420.15
2023-07-26 11:15:00,420.4,422.0,419.35,420.7
2023-07-26 11:20:00,420.6,420.8,419.4,419.85
2023-07-26 11:25:00,419.85,420.15,419.15,419.65
2023-07-26 11:30:00,419.6,419.95,418.65,418.75
2023-07-26 11:35:00,418.5,419.0,418.05,418.5
2023-07-26 11:40:00,418.25,418.9,417.3,418.0
2023-07-26 11:45:00,418.0,418.0,417.3,417.8
2023-07-26 11:50:00,418.0,418.0,417.6,417.85
2023-07-26 11:55:00,417.8,419.1,417.8,418.75
2023-07-26 12:00:00,418.55,419.5,418.5,418.6
2023-07-26 12:05:00,418.85,418.95,418.6,418.9
2023-07-26 12:10:00,418.9,419.35,418.7,419.0
2023-07-26 12:15:00,418.7,419.4,418.7,419.15
2023-07-26 12:20:00,419.15,419.4,418.5,418.6
2023-07-26 12:25:00,418.65,419.1,418.5,418.75
2023-07-26 12:30:00,418.75,418.95,418.35,418.85
2023-07-26 12:35:00,418.7,418.85,418.0,418.05
2023-07-26 12:40:00,418.05,418.6,418.0,418.0
2023-07-26 12:45:00,418.0,418.2,417.5,417.55
2023-07-26 12:50:00,417.55,417.7,417.35,417.5
2023-07-26 12:55:00,417.4,418.0,417.25,417.65
2023-07-26 13:00:00,417.7,417.8,417.3,417.6
2023-07-26 13:05:00,417.6,418.7,417.5,417.75
2023-07-26 13:10:00,417.75,418.0,417.5,417.55
2023-07-26 13:15:00,417.55,418.45,417.55,417.95
2023-07-26 13:20:00,417.95,418.0,417.5,417.55
2023-07-26 13:25:00,417.5,418.1,417.3,417.85
2023-07-26 13:30:00,418.0,418.0,417.7,417.85
2023-07-26 13:35:00,417.85,417.85,416.0,416.3
2023-07-26 13:40:00,416.0,416.3,415.2,416.0
2023-07-26 13:45:00,415.75,415.95,415.05,415.55
2023-07-26 13:50:00,415.5,415.55,415.0,415.25
2023-07-26 13:55:00,415.05,415.25,414.55,414.55
2023-07-26 14:00:00,414.55,414.55,413.0,413.0
2023-07-26 14:05:00,413.0,413.85,412.95,413.85
2023-07-26 14:10:00,413.85,414.45,413.6,414.2
2023-07-26 14:15:00,414.2,414.3,413.45,413.7
2023-07-26 14:20:00,413.75,414.35,413.0,413.6
2023-07-26 14:25:00,414.15,415.5,413.85,415.3
2023-07-26 14:30:00,415.3,415.7,414.35,414.8
2023-07-26 14:35:00,414.8,414.8,414.1,414.1
2023-07-26 14:40:00,414.1,414.55,413.7,414.0
2023-07-26 14:45:00,414.0,414.5,413.8,414.0
2023-07-26 14:50:00,414.05,414.15,413.2,413.25
2023-07-26 14:55:00,413.25,413.25,412.8,413.2
2023-07-26 15:00:00,413.4,414.4,413.35,414.2
2023-07-26 15:05:00,414.1,414.4,414.0,414.1
2023-07-26 15:10:00,414.45,414.6,413.25,413.4
2023-07-26 15:15:00,413.1,413.95,412.7,413.9
2023-07-26 15:20:00,413.75,413.9,412.65,413.2
2023-07-26 15:25:00,413.25,413.6,413.0,413.3
2023-07-27 09:15:00,415.4,416.2,413.7,414.0
2023-07-27 09:20:00,413.45,414.7,413.0,414.7
2023-07-27 09:25:00,414.8,416.8,414.25,414.7
2023-07-27 09:30:00,414.35,415.1,414.3,414.6
2023-07-27 09:35:00,414.55,414.75,414.0,414.0
2023-07-27 09:40:00,414.0,414.55,413.8,414.5
2023-07-27 09:45:00,414.5,415.05,413.55,413.55
2023-07-27 09:50:00,413.7,413.75,412.3,412.65
2023-07-27 09:55:00,412.7,412.7,411.55,412.0
2023-07-27 10:00:00,411.9,412.2,411.6,412.0
2023-07-27 10:05:00,412.0,412.15,411.05,411.05
2023-07-27 10:10:00,411.45,412.2,411.0,411.2
2023-07-27 10:15:00,411.4,411.7,411.2,411.7
2023-07-27 10:20:00,411.7,411.7,410.75,411.55
2023-07-27 10:25:00,411.7,413.2,411.55,412.4
2023-07-27 10:30:00,412.45,412.45,411.45,411.95
2023-07-27 10:35:00,411.65,412.35,411.5,412.2
2023-07-27 10:40:00,412.2,412.35,411.6,411.8
2023-07-27 10:45:00,411.8,412.0,411.55,411.6
2023-07-27 10:50:00,411.55,412.35,411.35,412.2
2023-07-27 10:55:00,412.05,412.5,411.9,412.05
2023-07-27 11:00:00,412.0,412.25,411.4,411.85
2023-07-27 11:05:00,411.85,412.0,411.45,411.55
2023-07-27 11:10:00,411.55,412.15,411.55,412.1
2023-07-27 11:15:00,412.1,412.2,411.3,411.7
2023-07-27 11:20:00,411.55,411.7,411.25,411.5
2023-07-27 11:25:00,411.25,411.5,410.15,410.7
2023-07-27 11:30:00,410.35,411.3,410.35,410.8
2023-07-27 11:35:00,411.0,411.2,410.4,410.95
2023-07-27 11:40:00,410.95,411.2,410.5,410.6
2023-07-27 11:45:00,410.8,410.95,410.55,410.6
2023-07-27 11:50:00,410.85,410.85,410.05,410.4
2023-07-27 11:55:00,410.6,410.6,410.0,410.4
2023-07-27 12:00:00,410.4,410.85,410.4,410.55
2023-07-27 12:05:00,410.75,410.95,410.5,410.5
2023-07-27 12:10:00,410.5,410.95,410.4,410.9
2023-07-27 12:15:00,410.55,411.0,410.3,410.65
2023-07-27 12:20:00,410.95,411.0,410.65,410.95
2023-07-27 12:25:00,410.75,411.0,410.2,410.75
2023-07-27 12:30:00,410.8,410.8,410.2,410.2
2023-07-27 12:35:00,410.5,410.75,410.3,410.55
2023-07-27 12:40:00,410.55,410.65,410.2,410.25
2023-07-27 12:45:00,410.2,410.75,410.2,410.75
2023-07-27 12:50:00,410.75,410.75,410.3,410.55
2023-07-27 12:55:00,410.55,410.55,410.25,410.25
2023-07-27 13:00:00,410.3,410.35,409.4,409.65
2023-07-27 13:05:00,409.65,409.9,409.4,409.5
2023-07-27 13:10:00,409.5,409.7,409.0,409.7
2023-07-27 13:15:00,409.6,410.0,409.55,410.0
2023-07-27 13:20:00,409.9,409.9,409.2,409.75
2023-07-27 13:25:00,409.75,409.75,409.05,409.05
2023-07-27 13:30:00,409.3,409.3,408.6,408.6
2023-07-27 13:35:00,408.6,408.95,408.1,408.95
2023-07-27 13:40:00,408.9,409.0,408.55,408.95
2023-07-27 13:45:00,409.0,409.45,408.75,409.0
2023-07-27 13:50:00,409.0,409.3,408.75,409.2
2023-07-27 13:55:00,409.2,409.4,409.0,409.2
2023-07-27 14:00:00,409.4,409.4,405.9,408.7
2023-07-27 14:05:00,408.9,408.9,407.55,408.6
2023-07-27 14:10:00,407.95,408.6,407.95,408.4
2023-07-27 14:15:00,408.45,408.75,408.05,408.3
2023-07-27 14:20:00,408.5,408.5,407.55,407.55
2023-07-27 14:25:00,407.55,407.95,407.05,407.65
2023-07-27 14:30:00,407.65,408.15,407.5,407.9
2023-07-27 14:35:00,407.9,408.15,406.1,406.2
2023-07-27 14:40:00,406.45,406.5,405.45,406.5
2023-07-27 14:45:00,406.5,407.3,406.3,407.3
2023-07-27 14:50:00,407.25,408.6,406.95,407.0
2023-07-27 14:55:00,407.1,407.2,406.2,406.65
2023-07-27 15:00:00,406.95,408.0,406.55,408.0
2023-07-27 15:05:00,408.0,408.4,407.55,408.4
2023-07-27 15:10:00,408.4,408.4,407.65,408.0
2023-07-27 15:15:00,408.0,408.05,407.4,407.6
2023-07-27 15:20:00,407.6,408.1,407.0,407.2
2023-07-27 15:25:00,407.2,407.55,406.5,407.4
2023-07-28 09:15:00,408.85,409.0,406.35,408.8
2023-07-28 09:20:00,408.95,409.35,407.75,408.1
2023-07-28 09:25:00,407.9,407.9,405.75,406.15
2023-07-28 09:30:00,405.75,407.35,405.75,407.3
2023-07-28 09:35:00,407.05,408.0,406.25,407.9
2023-07-28 09:40:00,407.9,409.05,407.25,407.5
2023-07-28 09:45:00,407.25,408.65,407.25,407.7
2023-07-28 09:50:00,407.7,410.95,407.7,409.9
2023-07-28 09:55:00,410.35,410.9,409.4,410.3
2023-07-28 10:00:00,410.3,410.65,409.5,409.65
2023-07-28 10:05:00,409.55,411.85,409.55,411.8
2023-07-28 10:10:00,411.8,411.9,410.5,410.7
2023-07-28 10:15:00,411.45,413.7,411.1,413.0
2023-07-28 10:20:00,412.75,412.75,409.5,410.35
2023-07-28 10:25:00,410.2,410.9,409.95,410.8
2023-07-28 10:30:00,410.55,410.7,409.2,409.95
2023-07-28 10:35:00,409.9,410.25,409.55,410.25
2023-07-28 10:40:00,410.25,411.2,410.05,410.75
2023-07-28 10:45:00,410.8,411.2,410.65,411.0
2023-07-28 10:50:00,410.85,411.2,410.75,410.85
2023-07-28 10:55:00,411.0,411.0,410.1,410.45
2023-07-28 11:00:00,410.45,411.0,410.0,410.9
2023-07-28 11:05:00,410.85,410.95,410.0,410.7
2023-07-28 11:10:00,410.3,410.8,409.5,409.55
2023-07-28 11:15:00,409.85,410.0,409.2,409.4
2023-07-28 11:20:00,409.15,409.55,409.05,409.3
2023-07-28 11:25:00,409.6,409.95,408.8,409.2
2023-07-28 11:30:00,409.25,409.35,408.8,409.05
2023-07-28 11:35:00,409.05,409.9,409.05,409.7
2023-07-28 11:40:00,409.4,410.75,409.35,410.1
2023-07-28 11:45:00,409.95,410.95,409.95,410.0
2023-07-28 11:50:00,410.0,410.25,409.8,409.9
2023-07-28 11:55:00,409.8,412.65,409.8,411.35
2023-07-28 12:00:00,411.2,411.2,409.3,409.3
2023-07-28 12:05:00,409.5,409.5,409.0,409.2
2023-07-28 12:10:00,409.4,409.5,409.1,409.2
2023-07-28 12:15:00,409.1,409.2,408.35,409.0
2023-07-28 12:20:00,408.75,409.0,408.3,408.75
2023-07-28 12:25:00,408.75,408.85,408.2,408.2
2023-07-28 12:30:00,408.4,408.8,408.1,408.5
2023-07-28 12:35:00,408.5,408.85,408.0,408.8
2023-07-28 12:40:00,408.8,409.35,408.6,409.35
2023-07-28 12:45:00,409.3,409.3,408.45,408.75
2023-07-28 12:50:00,408.75,408.95,407.4,407.4
2023-07-28 12:55:00,407.5,408.2,407.5,407.7
2023-07-28 13:00:00,408.0,408.5,407.7,408.5
2023-07-28 13:05:00,408.4,409.2,408.3,408.75
2023-07-28 13:10:00,408.75,408.8,408.2,408.7
2023-07-28 13:15:00,408.75,409.0,408.55,408.85
2023-07-28 13:20:00,408.8,409.45,408.2,409.45
2023-07-28 13:25:00,409.45,409.5,409.0,409.45
2023-07-28 13:30:00,409.5,409.65,408.85,409.05
2023-07-28 13:35:00,409.1,409.5,408.5,408.75
2023-07-28 13:40:00,409.0,409.0,407.7,407.7
2023-07-28 13:45:00,407.9,408.25,407.4,408.0
2023-07-28 13:50:00,408.0,408.0,407.5,407.6
2023-07-28 13:55:00,407.6,408.0,407.6,407.7
2023-07-28 14:00:00,408.0,408.9,407.7,408.9
2023-07-28 14:05:00,408.9,408.9,408.35,408.5
2023-07-28 14:10:00,408.5,409.25,408.35,409.25
2023-07-28 14:15:00,408.85,409.2,408.25,408.55
2023-07-28 14:20:00,408.3,408.9,408.2,408.75
2023-07-28 14:25:00,408.75,409.9,408.55,409.5
2023-07-28 14:30:00,409.1,409.8,400.0,406.5
2023-07-28 14:35:00,406.5,406.75,405.55,406.05
2023-07-28 14:40:00,406.0,406.9,405.6,406.5
2023-07-28 14:45:00,406.6,407.4,406.2,407.2
2023-07-28 14:50:00,407.2,407.5,406.2,406.25
2023-07-28 14:55:00,406.25,406.95,406.1,406.85
2023-07-28 15:00:00,406.9,407.4,406.7,407.0
2023-07-28 15:05:00,407.05,407.4,406.9,407.4
2023-07-28 15:10:00,407.4,407.4,406.25,406.4
2023-07-28 15:15:00,406.3,407.1,406.0,407.0
2023-07-28 15:20:00,407.05,407.05,406.05,406.1
2023-07-28 15:25:00,406.2,407.0,406.0,407.0
2023-07-31 09:15:00,408.65,412.0,407.35,410.75
2023-07-31 09:20:00,410.8,411.5,409.6,411.15
2023-07-31 09:25:00,411.5,411.9,409.5,409.75
2023-07-31 09:30:00,409.4,410.5,409.05,409.6
2023-07-31 09:35:00,409.85,410.0,409.1,409.8
2023-07-31 09:40:00,409.75,411.4,409.4,411.0
2023-07-31 09:45:00,411.0,411.0,410.0,410.3
2023-07-31 09:50:00,410.15,410.5,409.9,410.0
2023-07-31 09:55:00,410.0,411.35,410.0,410.95
2023-07-31 10:00:00,411.0,411.0,410.5,410.95
2023-07-31 10:05:00,410.9,412.8,410.5,412.5
2023-07-31 10:10:00,412.55,414.0,411.6,412.25
2023-07-31 10:15:00,412.35,412.9,411.5,412.45
2023-07-31 10:20:00,412.15,413.2,412.15,413.2
2023-07-31 10:25:00,413.05,413.45,412.4,413.2
2023-07-31 10:30:00,413.1,413.45,412.05,412.05
2023-07-31 10:35:00,412.05,412.45,411.65,412.05
2023-07-31 10:40:00,412.4,412.45,411.65,412.05
2023-07-31 10:45:00,412.15,412.15,411.25,411.8
2023-07-31 10:50:00,411.8,413.3,411.1,413.25
2023-07-31 10:55:00,413.2,413.2,412.3,412.5
2023-07-31 11:00:00,412.8,413.1,412.5,412.9
2023-07-31 11:05:00,412.8,414.0,412.65,413.5
2023-07-31 11:10:00,413.4,413.7,412.65,413.0
2023-07-31 11:15:00,412.8,413.1,412.5,412.85
2023-07-31 11:20:00,412.85,412.9,412.05,412.15
2023-07-31 11:25:00,412.2,412.55,412.05,412.3
2023-07-31 11:30:00,412.3,412.3,411.6,412.0
2023-07-31 11:35:00,412.0,412.0,411.5,411.6
2023-07-31 11:40:00,411.8,411.8,411.4,411.7
2023-07-31 11:45:00,411.7,412.0,411.5,411.65
2023-07-31 11:50:00,411.55,412.15,411.1,411.1
2023-07-31 11:55:00,411.15,412.0,411.15,412.0
2023-07-31 12:00:00,412.0,412.85,411.5,412.5
2023-07-31 12:05:00,412.85,412.9,412.15,412.2
2023-07-31 12:10:00,412.05,414.0,412.05,413.4
2023-07-31 12:15:00,413.4,414.0,412.45,413.15
2023-07-31 12:20:00,412.8,413.3,412.1,412.5
2023-07-31 12:25:00,412.5,412.5,411.55,411.8
2023-07-31 12:30:00,411.55,412.0,411.55,411.8
2023-07-31 12:35:00,411.6,412.2,411.5,411.8
2023-07-31 12:40:00,412.0,412.3,412.0,412.0
2023-07-31 12:45:00,412.0,412.15,411.5,412.0
2023-07-31 12:50:00,412.0,412.05,411.65,411.95
2023-07-31 12:55:00,411.95,412.3,411.65,412.05
2023-07-31 13:00:00,412.2,412.35,411.45,411.8
2023-07-31 13:05:00,411.8,412.15,411.4,411.9
2023-07-31 13:10:00,411.8,412.35,411.6,411.6
2023-07-31 13:15:00,412.2,413.7,411.3,411.5
2023-07-31 13:20:00,411.25,411.9,411.15,411.5
2023-07-31 13:25:00,411.3,412.25,411.2,411.6
2023-07-31 13:30:00,411.55,411.9,411.3,411.55
2023-07-31 13:35:00,411.85,415.8,411.65,415.5
2023-07-31 13:40:00,415.5,416.4,414.25,414.5
2023-07-31 13:45:00,414.5,414.6,413.8,414.1
2023-07-31 13:50:00,414.1,414.1,413.2,413.6
2023-07-31 13:55:00,413.65,414.15,412.65,413.4
2023-07-31 14:00:00,413.8,413.85,412.0,412.1
2023-07-31 14:05:00,412.2,412.9,412.05,412.45
2023-07-31 14:10:00,412.4,413.15,411.5,412.4
2023-07-31 14:15:00,412.4,412.65,412.0,412.4
2023-07-31 14:20:00,412.4,412.65,411.7,412.15
2023-07-31 14:25:00,412.4,413.4,412.0,412.8
2023-07-31 14:30:00,412.4,413.5,412.15,413.4
2023-07-31 14:35:00,413.25,413.35,412.5,412.8
2023-07-31 14:40:00,412.8,412.9,412.1,412.75
2023-07-31 14:45:00,412.75,412.9,412.1,412.45
2023-07-31 14:50:00,412.45,412.5,412.0,412.2
2023-07-31 14:55:00,412.2,412.9,412.2,412.9
2023-07-31 15:00:00,412.9,413.3,412.35,412.55
2023-07-31 15:05:00,412.45,412.8,412.05,412.55
2023-07-31 15:10:00,412.55,412.75,412.0,412.2
2023-07-31 15:15:00,412.35,412.35,411.6,412.0
2023-07-31 15:20:00,411.9,411.95,411.05,411.8
2023-07-31 15:25:00,411.9,412.0,411.1,411.7
2023-08-01 09:15:00,413.2,415.0,412.55,414.75
2023-08-01 09:20:00,414.55,414.55,413.5,414.35
2023-08-01 09:25:00,414.5,414.9,414.15,414.6
2023-08-01 09:30:00,414.2,414.5,413.5,414.0
2023-08-01 09:35:00,413.8,414.1,413.15,413.15
2023-08-01 09:40:00,412.9,413.0,412.05,412.6
2023-08-01 09:45:00,412.9,413.0,412.5,413.0
2023-08-01 09:50:00,413.0,413.0,412.1,412.3
2023-08-01 09:55:00,412.15,412.6,412.15,412.2
2023-08-01 10:00:00,412.2,413.0,412.2,412.4
2023-08-01 10:05:00,412.35,413.0,412.35,412.85
2023-08-01 10:10:00,412.85,412.85,412.2,412.75
2023-08-01 10:15:00,412.6,412.6,412.1,412.4
2023-08-01 10:20:00,412.15,413.0,411.3,413.0
2023-08-01 10:25:00,413.1,413.3,412.25,412.5
2023-08-01 10:30:00,412.5,412.6,410.55,410.85
2023-08-01 10:35:00,410.15,410.95,410.15,410.5
2023-08-01 10:40:00,410.45,410.5,409.25,409.4
2023-08-01 10:45:00,409.25,409.55,408.4,409.25
2023-08-01 10:50:00,409.4,410.0,409.25,410.0
2023-08-01 10:55:00,410.0,411.5,409.8,411.4
2023-08-01 11:00:00,411.6,411.8,411.3,411.3
2023-08-01 11:05:00,411.15,411.3,410.05,410.65
2023-08-01 11:10:00,410.5,411.8,410.1,410.95
2023-08-01 11:15:00,410.95,411.15,410.5,410.9
2023-08-01 11:20:00,410.9,411.0,410.25,410.5
2023-08-01 11:25:00,410.5,411.55,410.4,411.45
2023-08-01 11:30:00,411.45,411.7,411.4,411.4
2023-08-01 11:35:00,411.4,413.15,411.0,412.45
2023-08-01 11:40:00,412.5,414.55,412.0,414.2
2023-08-01 11:45:00,414.2,416.45,414.0,414.6
2023-08-01 11:50:00,414.9,415.0,414.2,414.5
2023-08-01 11:55:00,414.5,414.95,413.95,414.2
2023-08-01 12:00:00,414.05,414.9,414.05,414.25
2023-08-01 12:05:00,414.25,414.3,414.0,414.0
2023-08-01 12:10:00,414.15,414.2,414.0,414.0
2023-08-01 12:15:00,414.0,414.2,413.65,413.8
2023-08-01 12:20:00,413.8,414.55,413.7,414.0
2023-08-01 12:25:00,414.0,414.5,414.0,414.0
2023-08-01 12:30:00,414.2,414.25,414.0,414.05
2023-08-01 12:35:00,414.05,414.15,413.65,413.65
2023-08-01 12:40:00,413.9,413.95,413.05,413.1
2023-08-01 12:45:00,413.1,413.75,412.7,413.15
2023-08-01 12:50:00,413.15,413.25,412.8,413.0
2023-08-01 12:55:00,412.7,413.0,412.3,412.5
2023-08-01 13:00:00,412.5,413.0,412.3,413.0
2023-08-01 13:05:00,413.0,413.65,412.55,412.9
2023-08-01 13:10:00,412.65,412.95,412.5,412.95
2023-08-01 13:15:00,413.0,413.5,412.6,412.95
2023-08-01 13:20:00,412.85,413.6,412.85,413.55
2023-08-01 13:25:00,413.5,414.0,413.05,413.05
2023-08-01 13:30:00,413.4,413.4,412.9,413.0
2023-08-01 13:35:00,413.0,413.0,412.55,412.6
2023-08-01 13:40:00,412.9,413.0,412.65,412.95
2023-08-01 13:45:00,412.7,413.2,412.6,413.05
2023-08-01 13:50:00,413.0,413.15,412.6,412.7
2023-08-01 13:55:00,413.0,413.05,412.6,412.65
2023-08-01 14:00:00,412.95,413.0,412.6,412.9
2023-08-01 14:05:00,412.85,412.9,412.6,412.85
2023-08-01 14:10:00,412.65,412.95,411.9,411.9
2023-08-01 14:15:00,411.9,412.45,411.6,412.1
2023-08-01 14:20:00,412.15,412.25,411.9,412.0
2023-08-01 14:25:00,412.05,412.85,412.05,412.75
2023-08-01 14:30:00,412.75,412.95,412.05,412.95
2023-08-01 14:35:00,412.95,413.0,412.55,412.9
2023-08-01 14:40:00,412.9,413.6,412.05,413.6
2023-08-01 14:45:00,413.5,413.95,412.7,412.9
2023-08-01 14:50:00,412.9,413.1,412.55,412.9
2023-08-01 14:55:00,412.65,412.95,412.65,412.9
2023-08-01 15:00:00,412.75,413.3,412.75,413.0
2023-08-01 15:05:00,413.05,413.3,412.6,413.3
2023-08-01 15:10:00,414.5,414.5,412.95,413.2
2023-08-01 15:15:00,413.25,413.5,413.0,413.2
2023-08-01 15:20:00,412.95,413.2,412.7,412.8
2023-08-01 15:25:00,412.75,413.0,412.15,412.5
2023-08-02 09:15:00,412.55,412.8,410.3,412.0
2023-08-02 09:20:00,411.95,414.4,411.5,414.3
2023-08-02 09:25:00,414.35,414.45,413.0,413.0
2023-08-02 09:30:00,413.3,413.45,412.6,413.0
2023-08-02 09:35:00,413.05,413.95,412.75,413.9
2023-08-02 09:40:00,413.55,413.8,413.15,413.75
2023-08-02 09:45:00,413.75,414.0,413.25,413.85
2023-08-02 09:50:00,413.85,414.1,413.25,414.0
2023-08-02 09:55:00,414.0,414.0,413.0,413.0
2023-08-02 10:00:00,413.1,413.2,412.5,412.7
2023-08-02 10:05:00,412.7,413.6,412.2,413.2
2023-08-02 10:10:00,412.85,413.55,412.5,412.75
2023-08-02 10:15:00,413.0,413.1,412.0,412.0
2023-08-02 10:20:00,412.0,413.0,412.0,412.3
2023-08-02 10:25:00,412.5,412.75,411.65,412.35
2023-08-02 10:30:00,412.2,412.25,410.2,410.65
2023-08-02 10:35:00,410.65,412.0,410.2,410.7
2023-08-02 10:40:00,410.7,411.3,410.55,410.55
2023-08-02 10:45:00,410.9,411.0,410.5,410.55
2023-08-02 10:50:00,410.55,411.3,410.4,411.3
2023-08-02 10:55:00,411.5,411.85,410.5,411.1
2023-08-02 11:00:00,411.3,411.45,410.1,410.7
2023-08-02 11:05:00,410.55,410.7,410.0,410.3
2023-08-02 11:10:00,410.25,410.3,409.4,409.75
2023-08-02 11:15:00,409.4,409.95,409.2,409.95
2023-08-02 11:20:00,410.1,410.5,409.8,410.35
2023-08-02 11:25:00,410.1,410.4,409.7,410.05
2023-08-02 11:30:00,410.05,410.05,409.2,409.95
2023-08-02 11:35:00,409.85,410.15,409.0,409.25
2023-08-02 11:40:00,409.25,410.0,409.0,409.9
2023-08-02 11:45:00,409.9,410.2,409.15,410.2
2023-08-02 11:50:00,410.2,410.2,409.55,410.0
2023-08-02 11:55:00,410.4,410.4,409.95,410.0
2023-08-02 12:00:00,410.0,410.3,409.2,409.7
2023-08-02 12:05:00,409.7,410.5,409.65,410.4
2023-08-02 12:10:00,410.4,411.0,410.2,410.9
2023-08-02 12:15:00,410.95,410.95,410.2,410.3
2023-08-02 12:20:00,410.3,410.55,409.8,410.0
2023-08-02 12:25:00,410.0,410.6,409.8,410.35
2023-08-02 12:30:00,410.35,410.8,410.05,410.05
2023-08-02 12:35:00,410.3,412.6,410.3,412.6
2023-08-02 12:40:00,412.6,413.0,412.15,412.25
2023-08-02 12:45:00,412.25,412.5,411.6,412.25
2023-08-02 12:50:00,411.85,412.05,411.1,411.25
2023-08-02 12:55:00,411.4,411.55,410.55,410.8
2023-08-02 13:00:00,410.8,411.0,410.4,410.8
2023-08-02 13:05:00,410.8,410.8,410.2,410.7
2023-08-02 13:10:00,410.8,410.95,410.2,410.2
2023-08-02 13:15:00,410.65,410.65,409.6,409.7
2023-08-02 13:20:00,409.7,409.9,408.55,408.8
2023-08-02 13:25:00,409.05,409.5,408.0,408.5
2023-08-02 13:30:00,408.5,408.7,408.0,408.1
2023-08-02 13:35:00,408.4,408.65,406.0,406.9
2023-08-02 13:40:00,406.95,407.25,406.0,406.2
2023-08-02 13:45:00,406.1,406.5,405.0,405.4
2023-08-02 13:50:00,405.4,406.7,404.95,406.7
2023-08-02 13:55:00,407.0,407.0,405.5,405.5
2023-08-02 14:00:00,405.5,405.9,405.05,405.85
2023-08-02 14:05:00,405.6,405.9,405.25,405.8
2023-08-02 14:10:00,405.8,405.9,405.05,405.5
2023-08-02 14:15:00,405.5,405.5,404.4,404.7
2023-08-02 14:20:00,404.8,405.0,404.3,404.7
2023-08-02 14:25:00,404.7,405.1,404.0,405.0
2023-08-02 14:30:00,405.1,405.5,404.8,405.2
2023-08-02 14:35:00,403.0,403.8,397.05,398.95
2023-08-02 14:40:00,398.7,402.4,395.65,400.55
2023-08-02 14:45:00,400.1,401.0,399.0,401.0
2023-08-02 14:50:00,401.1,402.2,399.5,400.2
2023-08-02 14:55:00,400.4,402.0,399.65,401.0
2023-08-02 15:00:00,401.0,401.95,400.45,400.7
2023-08-02 15:05:00,400.7,400.7,398.25,398.9
2023-08-02 15:10:00,399.1,401.0,398.65,401.0
2023-08-02 15:15:00,401.5,402.7,401.0,402.0
2023-08-02 15:20:00,401.9,402.0,400.15,400.8
2023-08-02 15:25:00,400.5,402.0,400.0,401.75
2023-08-03 09:15:00,398.0,398.0,388.2,396.5
2023-08-03 09:20:00,396.95,397.7,395.3,397.0
2023-08-03 09:25:00,397.15,397.4,395.6,395.95
2023-08-03 09:30:00,395.6,396.3,393.65,393.75
2023-08-03 09:35:00,394.0,394.35,393.15,393.2
2023-08-03 09:40:00,393.25,393.85,393.15,393.7
2023-08-03 09:45:00,393.5,394.55,392.1,394.5
2023-08-03 09:50:00,394.3,395.9,394.0,394.8
2023-08-03 09:55:00,395.0,395.7,394.8,395.6
2023-08-03 10:00:00,395.6,396.6,395.4,396.45
2023-08-03 10:05:00,396.4,396.9,396.0,396.8
2023-08-03 10:10:00,396.8,397.0,396.35,396.5
2023-08-03 10:15:00,396.8,396.9,395.5,396.3
2023-08-03 10:20:00,396.35,396.4,395.5,395.8
2023-08-03 10:25:00,395.8,395.8,394.5,394.75
2023-08-03 10:30:00,394.8,396.4,394.6,396.3
2023-08-03 10:35:00,396.3,396.8,395.55,396.15
2023-08-03 10:40:00,396.5,397.75,396.0,397.0
2023-08-03 10:45:00,397.0,400.0,397.0,398.7
2023-08-03 10:50:00,398.95,400.0,398.65,398.75
2023-08-03 10:55:00,399.2,399.5,398.15,398.95
2023-08-03 11:00:00,398.95,400.0,398.6,399.7
2023-08-03 11:05:00,399.65,400.5,399.65,399.85
2023-08-03 11:10:00,399.8,399.9,398.25,398.85
2023-08-03 11:15:00,398.8,399.0,397.2,397.5
2023-08-03 11:20:00,397.5,398.25,397.35,398.25
2023-08-03 11:25:00,398.25,399.2,398.0,398.4
2023-08-03 11:30:00,398.3,398.95,398.0,398.6
2023-08-03 11:35:00,398.3,398.6,398.05,398.5
2023-08-03 11:40:00,398.65,399.05,398.15,398.5
2023-08-03 11:45:00,398.85,399.3,398.5,399.2
2023-08-03 11:50:00,399.2,399.25,398.4,399.0
2023-08-03 11:55:00,398.75,399.4,398.3,399.1
2023-08-03 12:00:00,399.25,399.25,397.6,397.6
2023-08-03 12:05:00,398.0,398.0,397.2,397.8
2023-08-03 12:10:00,397.7,397.85,397.2,397.4
2023-08-03 12:15:00,397.35,397.35,396.45,396.8
2023-08-03 12:20:00,396.8,396.95,396.05,396.5
2023-08-03 12:25:00,396.5,396.9,396.0,396.35
2023-08-03 12:30:00,396.15,396.4,395.45,395.9
2023-08-03 12:35:00,395.9,395.95,395.55,395.9
2023-08-03 12:40:00,395.8,396.0,394.15,394.8
2023-08-03 12:45:00,394.7,395.0,393.85,394.45
2023-08-03 12:50:00,394.4,394.75,393.8,394.35
2023-08-03 12:55:00,394.35,394.5,393.2,393.95
2023-08-03 13:00:00,394.0,394.2,393.75,394.15
2023-08-03 13:05:00,394.15,395.1,394.0,394.95
2023-08-03 13:10:00,394.95,395.6,394.5,395.25
2023-08-03 13:15:00,395.1,395.5,395.0,395.25
2023-08-03 13:20:00,395.25,395.4,394.0,394.95
2023-08-03 13:25:00,394.95,395.1,394.5,395.1
2023-08-03 13:30:00,395.0,395.95,395.0,395.7
2023-08-03 13:35:00,395.7,396.0,395.3,395.85
2023-08-03 13:40:00,395.85,395.95,395.2,395.55
2023-08-03 13:45:00,395.55,395.65,395.15,395.55
2023-08-03 13:50:00,395.65,396.0,395.45,395.65
2023-08-03 13:55:00,395.35,395.65,395.1,395.2
2023-08-03 14:00:00,395.2,395.4,394.65,394.8
2023-08-03 14:05:00,394.8,395.0,394.55,394.85
2023-08-03 14:10:00,394.9,394.9,394.5,394.75
2023-08-03 14:15:00,394.8,395.3,394.8,395.15
2023-08-03 14:20:00,395.3,395.9,395.3,395.55
2023-08-03 14:25:00,395.5,396.45,395.3,396.35
2023-08-03 14:30:00,396.45,397.2,396.0,396.3
2023-08-03 14:35:00,396.3,397.45,396.1,396.6
2023-08-03 14:40:00,396.8,396.95,396.35,396.8
2023-08-03 14:45:00,396.85,396.85,396.0,396.6
2023-08-03 14:50:00,396.6,396.6,396.1,396.5
2023-08-03 14:55:00,396.6,397.5,396.4,397.3
2023-08-03 15:00:00,397.3,398.0,397.0,397.65
2023-08-03 15:05:00,397.9,398.2,396.0,396.75
2023-08-03 15:10:00,396.7,397.05,395.9,396.75
2023-08-03 15:15:00,397.0,397.95,396.45,397.3
2023-08-03 15:20:00,397.4,398.05,397.05,397.5
2023-08-03 15:25:00,397.5,397.5,396.0,396.8
2023-08-04 09:15:00,398.85,402.0,398.15,400.65
2023-08-04 09:20:00,400.9,400.9,399.4,399.45
2023-08-04 09:25:00,399.75,400.0,398.85,398.95
2023-08-04 09:30:00,399.0,399.55,398.4,399.35
2023-08-04 09:35:00,399.4,399.4,398.5,398.7
2023-08-04 09:40:00,398.7,398.7,397.05,397.4
2023-08-04 09:45:00,397.4,398.5,396.9,398.45
2023-08-04 09:50:00,398.4,399.9,398.4,399.6
2023-08-04 09:55:00,399.8,399.9,399.05,399.5
2023-08-04 10:00:00,399.5,399.7,399.25,399.65
2023-08-04 10:05:00,399.65,399.9,399.25,399.65
2023-08-04 10:10:00,399.25,399.65,399.0,399.4
2023-08-04 10:15:00,399.4,399.7,399.3,399.4
2023-08-04 10:20:00,399.45,399.5,399.1,399.1
2023-08-04 10:25:00,399.1,399.7,399.0,399.5
2023-08-04 10:30:00,399.7,399.7,399.0,399.25
2023-08-04 10:35:00,399.35,399.4,398.8,399.15
2023-08-04 10:40:00,398.85,399.65,398.85,399.4
2023-08-04 10:45:00,399.4,399.7,399.0,399.35
2023-08-04 10:50:00,399.35,399.5,398.85,398.85
2023-08-04 10:55:00,398.8,399.1,398.5,398.8
2023-08-04 11:00:00,398.8,399.0,398.5,399.0
2023-08-04 11:05:00,399.0,399.1,398.7,399.0
2023-08-04 11:10:00,399.0,399.6,398.8,399.45
2023-08-04 11:15:00,399.45,399.6,399.15,399.5
2023-08-04 11:20:00,399.1,399.55,399.0,399.05
2023-08-04 11:25:00,399.0,399.45,398.0,398.45
2023-08-04 11:30:00,398.45,398.8,398.2,398.75
2023-08-04 11:35:00,398.35,399.0,398.35,398.85
2023-08-04 11:40:00,398.85,399.25,398.6,399.25
2023-08-04 11:45:00,399.3,399.5,399.2,399.25
2023-08-04 11:50:00,399.25,399.45,399.0,399.4
2023-08-04 11:55:00,399.4,399.5,399.05,399.35
2023-08-04 12:00:00,399.35,399.5,399.0,399.15
2023-08-04 12:05:00,399.35,399.5,399.1,399.45
2023-08-04 12:10:00,399.55,399.7,399.25,399.4
2023-08-04 12:15:00,399.6,399.6,399.1,399.4
2023-08-04 12:20:00,399.4,399.45,399.1,399.35
2023-08-04 12:25:00,399.35,399.5,399.1,399.5
2023-08-04 12:30:00,399.1,399.5,399.1,399.1
2023-08-04 12:35:00,399.3,399.4,398.75,398.8
2023-08-04 12:40:00,398.8,398.95,398.5,398.9
2023-08-04 12:45:00,398.7,399.0,398.6,398.9
2023-08-04 12:50:00,398.95,399.25,398.75,399.15
2023-08-04 12:55:00,399.15,399.2,398.85,399.0
2023-08-04 13:00:00,399.2,399.2,398.25,398.5
2023-08-04 13:05:00,398.25,398.75,398.25,398.75
2023-08-04 13:10:00,398.55,398.8,398.25,398.7
2023-08-04 13:15:00,398.4,398.75,398.0,398.35
2023-08-04 13:20:00,398.4,398.5,398.0,398.4
2023-08-04 13:25:00,398.1,398.4,398.05,398.35
2023-08-04 13:30:00,398.1,398.5,398.0,398.2
2023-08-04 13:35:00,398.05,398.05,397.0,397.5
2023-08-04 13:40:00,397.75,398.0,397.5,397.9
2023-08-04 13:45:00,398.0,398.55,397.9,398.55
2023-08-04 13:50:00,398.55,398.8,398.25,398.75
2023-08-04 13:55:00,398.6,398.8,398.5,398.5
2023-08-04 14:00:00,398.5,398.65,398.05,398.35
2023-08-04 14:05:00,398.35,398.7,398.0,398.5
2023-08-04 14:10:00,398.5,398.95,398.1,398.85
2023-08-04 14:15:00,398.8,399.15,398.55,399.0
2023-08-04 14:20:00,399.0,399.2,398.8,398.8
2023-08-04 14:25:00,398.85,398.95,398.4,398.5
2023-08-04 14:30:00,398.75,399.0,398.5,399.0
2023-08-04 14:35:00,399.0,399.35,398.85,399.35
2023-08-04 14:40:00,399.35,399.5,398.55,399.0
2023-08-04 14:45:00,398.8,399.05,398.4,398.8
2023-08-04 14:50:00,398.9,398.95,398.1,398.65
2023-08-04 14:55:00,398.6,398.95,398.4,398.45
2023-08-04 15:00:00,398.75,399.0,398.4,399.0
2023-08-04 15:05:00,399.0,399.2,398.4,399.05
2023-08-04 15:10:00,399.45,399.9,398.05,398.55
2023-08-04 15:15:00,398.6,398.75,398.0,398.0
2023-08-04 15:20:00,398.05,398.2,397.5,397.65
2023-08-04 15:25:00,397.65,397.7,397.0,397.5
2023-08-07 09:15:00,402.0,402.0,396.5,397.35
2023-08-07 09:20:00,397.15,398.5,396.0,397.95
2023-08-07 09:25:00,397.85,398.0,397.0,397.4
2023-08-07 09:30:00,397.4,397.45,397.0,397.0
2023-08-07 09:35:00,397.0,397.3,396.5,396.7
2023-08-07 09:40:00,396.7,397.7,396.6,397.7
2023-08-07 09:45:00,397.7,398.35,397.45,398.35
2023-08-07 09:50:00,398.45,398.95,397.9,397.9
2023-08-07 09:55:00,398.1,398.8,397.55,398.75
2023-08-07 10:00:00,398.65,398.8,397.5,398.0
2023-08-07 10:05:00,397.8,398.0,397.2,397.3
2023-08-07 10:10:00,397.6,397.65,395.5,396.65
2023-08-07 10:15:00,396.65,397.25,396.5,396.8
2023-08-07 10:20:00,396.85,397.2,396.6,396.95
2023-08-07 10:25:00,396.9,397.2,396.4,396.65
2023-08-07 10:30:00,396.9,398.0,396.65,397.85
2023-08-07 10:35:00,397.8,398.0,397.45,397.55
2023-08-07 10:40:00,397.7,397.9,397.0,397.0
2023-08-07 10:45:00,397.25,397.3,396.8,396.8
2023-08-07 10:50:00,397.05,397.3,396.55,396.8
2023-08-07 10:55:00,396.9,397.25,396.5,396.85
2023-08-07 11:00:00,396.55,397.0,396.55,396.65
2023-08-07 11:05:00,396.8,396.8,396.6,396.6
2023-08-07 11:10:00,396.75,396.8,396.45,396.5
2023-08-07 11:15:00,396.5,396.6,395.8,395.8
2023-08-07 11:20:00,396.05,396.6,395.75,396.6
2023-08-07 11:25:00,396.6,396.8,396.2,396.75
2023-08-07 11:30:00,396.75,396.75,396.35,396.55
2023-08-07 11:35:00,396.6,396.75,396.15,396.65
2023-08-07 11:40:00,396.65,397.3,396.65,397.1
2023-08-07 11:45:00,396.8,397.1,396.0,396.75
2023-08-07 11:50:00,396.6,396.75,396.2,396.6
2023-08-07 11:55:00,396.6,396.8,396.0,396.2
2023-08-07 12:00:00,396.6,396.75,396.0,396.35
2023-08-07 12:05:00,396.65,396.65,396.2,396.5
2023-08-07 12:10:00,396.1,396.5,395.75,396.3
2023-08-07 12:15:00,396.5,396.65,396.3,396.3
2023-08-07 12:20:00,396.0,396.4,395.9,396.4
2023-08-07 12:25:00,396.5,396.5,396.0,396.15
2023-08-07 12:30:00,395.95,396.65,395.95,396.35
2023-08-07 12:35:00,396.2,396.65,396.15,396.55
2023-08-07 12:40:00,396.55,396.65,396.25,396.55
2023-08-07 12:45:00,396.3,396.75,396.3,396.7
2023-08-07 12:50:00,396.55,396.65,396.3,396.55
2023-08-07 12:55:00,396.3,396.65,396.3,396.65
2023-08-07 13:00:00,396.65,396.95,396.15,396.55
2023-08-07 13:05:00,396.55,396.6,396.1,396.35
2023-08-07 13:10:00,396.8,396.85,396.3,396.6
2023-08-07 13:15:00,396.55,396.7,396.1,396.6
2023-08-07 13:20:00,396.65,396.7,396.05,396.4
2023-08-07 13:25:00,396.4,396.6,396.05,396.5
2023-08-07 13:30:00,396.35,396.6,396.0,396.3
2023-08-07 13:35:00,396.35,396.4,396.05,396.35
2023-08-07 13:40:00,396.1,396.6,396.0,396.5
2023-08-07 13:45:00,396.45,397.15,396.0,396.85
2023-08-07 13:50:00,396.85,397.35,396.6,397.0
2023-08-07 13:55:00,397.0,397.0,396.5,396.8
2023-08-07 14:00:00,396.8,397.0,396.2,396.4
2023-08-07 14:05:00,396.4,396.5,395.0,395.35
2023-08-07 14:10:00,395.4,395.45,395.0,395.4
2023-08-07 14:15:00,395.4,395.9,395.1,395.75
2023-08-07 14:20:00,395.8,396.85,395.3,396.8
2023-08-07 14:25:00,395.95,396.8,395.7,395.95
2023-08-07 14:30:00,395.9,396.05,395.7,396.0
2023-08-07 14:35:00,396.0,396.0,395.5,396.0
2023-08-07 14:40:00,396.0,396.0,395.6,396.0
2023-08-07 14:45:00,396.0,396.0,395.5,395.7
2023-08-07 14:50:00,395.7,396.75,395.55,396.75
2023-08-07 14:55:00,396.75,397.2,396.0,396.4
2023-08-07 15:00:00,396.35,396.7,395.55,395.55
2023-08-07 15:05:00,395.85,396.0,395.55,395.8
2023-08-07 15:10:00,395.8,395.85,395.2,395.4
2023-08-07 15:15:00,395.25,395.65,395.0,395.1
2023-08-07 15:20:00,395.15,395.5,395.0,395.4
2023-08-07 15:25:00,395.05,395.4,390.0,394.0
2023-08-08 09:15:00,395.0,395.7,393.9,394.5
2023-08-08 09:20:00,393.6,395.0,393.6,395.0
2023-08-08 09:25:00,395.0,395.0,394.2,394.95
2023-08-08 09:30:00,395.0,395.0,394.0,394.15
2023-08-08 09:35:00,394.35,395.0,394.0,394.85
2023-08-08 09:40:00,394.8,395.0,394.5,395.0
2023-08-08 09:45:00,395.0,396.1,394.7,395.9
2023-08-08 09:50:00,395.85,396.35,395.5,396.35
2023-08-08 09:55:00,396.05,396.35,395.65,395.8
2023-08-08 10:00:00,395.8,395.8,395.1,395.3
2023-08-08 10:05:00,395.1,395.3,394.5,394.75
2023-08-08 10:10:00,394.95,396.0,394.95,396.0
2023-08-08 10:15:00,396.0,396.0,395.35,395.5
2023-08-08 10:20:00,395.5,395.8,395.0,395.2
2023-08-08 10:25:00,395.2,396.0,395.15,395.95
2023-08-08 10:30:00,395.65,395.8,394.9,395.3
2023-08-08 10:35:00,395.15,395.45,395.0,395.15
2023-08-08 10:40:00,395.2,395.2,394.6,395.0
2023-08-08 10:45:00,394.75,395.65,394.7,395.2
2023-08-08 10:50:00,395.2,395.2,394.0,394.4
2023-08-08 10:55:00,394.6,395.0,394.25,394.7
2023-08-08 11:00:00,394.7,394.7,394.25,394.5
2023-08-08 11:05:00,394.5,394.75,394.2,394.2
2023-08-08 11:10:00,394.2,394.3,393.75,394.1
2023-08-08 11:15:00,393.9,394.1,392.0,393.0
2023-08-08 11:20:00,393.0,393.5,392.0,393.0
2023-08-08 11:25:00,393.0,393.0,392.45,392.7
2023-08-08 11:30:00,392.7,392.8,391.8,391.85
2023-08-08 11:35:00,391.4,391.65,390.0,391.2
2023-08-08 11:40:00,391.2,392.0,391.2,392.0
2023-08-08 11:45:00,392.4,392.4,391.5,391.6
2023-08-08 11:50:00,392.0,392.85,392.0,392.85
2023-08-08 11:55:00,392.95,393.35,392.8,393.15
2023-08-08 12:00:00,393.3,393.45,392.45,392.7
2023-08-08 12:05:00,392.9,393.0,392.65,392.9
2023-08-08 12:10:00,392.9,393.0,392.4,392.6
2023-08-08 12:15:00,392.6,392.9,392.2,392.8
2023-08-08 12:20:00,392.8,392.8,392.35,392.7
2023-08-08 12:25:00,392.7,392.7,392.5,392.7
2023-08-08 12:30:00,392.5,392.7,392.0,392.5
2023-08-08 12:35:00,392.5,392.55,392.1,392.4
2023-08-08 12:40:00,392.35,392.5,392.05,392.25
2023-08-08 12:45:00,392.25,392.65,392.05,392.65
2023-08-08 12:50:00,392.65,392.8,392.2,392.8
2023-08-08 12:55:00,392.7,392.9,392.35,392.55
2023-08-08 13:00:00,392.7,392.8,392.3,392.8
2023-08-08 13:05:00,392.8,392.85,392.05,392.55
2023-08-08 13:10:00,392.55,392.8,392.15,392.8
2023-08-08 13:15:00,392.8,393.0,392.5,392.9
2023-08-08 13:20:00,392.95,393.25,392.95,393.25
2023-08-08 13:25:00,393.25,393.3,393.0,393.15
2023-08-08 13:30:00,393.0,393.3,392.9,393.0
2023-08-08 13:35:00,392.9,393.45,392.7,392.8
2023-08-08 13:40:00,393.25,393.25,392.55,393.2
2023-08-08 13:45:00,392.95,393.15,392.95,393.0
2023-08-08 13:50:00,393.05,393.05,392.6,393.0
2023-08-08 13:55:00,393.0,393.05,392.15,392.75
2023-08-08 14:00:00,392.85,393.05,392.55,393.0
2023-08-08 14:05:00,392.85,393.1,392.6,392.85
2023-08-08 14:10:00,392.85,393.5,392.7,393.5
2023-08-08 14:15:00,393.5,393.95,393.4,393.45
2023-08-08 14:20:00,393.45,394.7,392.95,394.7
2023-08-08 14:25:00,394.9,394.9,394.15,394.65
2023-08-08 14:30:00,394.7,396.3,394.35,394.35
2023-08-08 14:35:00,394.5,395.8,394.35,394.9
2023-08-08 14:40:00,394.6,396.4,394.05,394.3
2023-08-08 14:45:00,394.05,394.35,392.0,393.3
2023-08-08 14:50:00,393.15,393.35,392.5,393.05
2023-08-08 14:55:00,393.25,395.0,392.95,393.5
2023-08-08 15:00:00,393.5,394.5,393.25,394.0
2023-08-08 15:05:00,394.1,394.15,392.9,393.15
2023-08-08 15:10:00,393.3,393.45,392.7,392.95
2023-08-08 15:15:00,393.0,393.2,392.5,392.95
2023-08-08 15:20:00,392.95,392.95,392.15,392.7
2023-08-08 15:25:00,392.8,392.9,392.0,392.0
2023-08-09 09:15:00,376.35,384.8,376.0,382.25
2023-08-09 09:20:00,382.05,383.4,381.15,382.65
2023-08-09 09:25:00,382.0,382.0,380.0,380.2
2023-08-09 09:30:00,380.2,381.3,378.0,381.3
2023-08-09 09:35:00,381.3,382.0,380.8,381.95
2023-08-09 09:40:00,381.9,384.0,381.5,383.0
2023-08-09 09:45:00,383.0,383.8,382.9,383.15
2023-08-09 09:50:00,383.25,383.4,380.85,380.85
2023-08-09 09:55:00,380.65,381.2,380.2,380.5
2023-08-09 10:00:00,380.55,381.0,380.3,380.8
2023-08-09 10:05:00,381.0,381.5,380.8,381.4
2023-08-09 10:10:00,381.5,381.6,380.1,380.65
2023-08-09 10:15:00,380.8,381.0,380.15,380.5
2023-08-09 10:20:00,380.35,380.6,380.1,380.6
2023-08-09 10:25:00,380.6,380.6,380.0,380.5
2023-08-09 10:30:00,380.55,380.55,379.5,379.5
2023-08-09 10:35:00,379.75,380.0,378.8,378.85
2023-08-09 10:40:00,378.65,378.9,378.25,378.85
2023-08-09 10:45:00,378.85,378.9,378.0,378.2
2023-08-09 10:50:00,378.2,378.6,377.25,377.55
2023-08-09 10:55:00,377.55,377.55,375.55,375.9
2023-08-09 11:00:00,375.75,377.0,375.75,376.8
2023-08-09 11:05:00,376.8,377.0,376.25,376.25
2023-08-09 11:10:00,376.05,377.0,376.0,376.8
2023-08-09 11:15:00,376.95,377.0,376.7,376.9
2023-08-09 11:20:00,377.1,378.75,377.05,378.7
2023-08-09 11:25:00,378.75,378.8,378.0,378.45
2023-08-09 11:30:00,378.45,378.55,377.65,377.95
2023-08-09 11:35:00,377.85,378.45,377.5,377.95
2023-08-09 11:40:00,378.0,378.55,377.7,378.3
2023-08-09 11:45:00,378.35,378.75,377.85,378.6
2023-08-09 11:50:00,378.65,378.8,378.05,378.5
2023-08-09 11:55:00,378.3,378.5,378.0,378.45
2023-08-09 12:00:00,378.45,378.45,377.2,377.6
2023-08-09 12:05:00,377.65,378.0,377.35,377.95
2023-08-09 12:10:00,378.0,378.0,377.35,377.8
2023-08-09 12:15:00,377.95,378.0,377.65,377.95
2023-08-09 12:20:00,377.95,378.0,377.65,377.8
2023-08-09 12:25:00,377.95,378.0,377.65,377.85
2023-08-09 12:30:00,377.85,378.0,377.5,378.0
2023-08-09 12:35:00,378.0,378.0,377.45,377.95
2023-08-09 12:40:00,377.7,377.9,377.35,377.45
2023-08-09 12:45:00,377.45,377.8,377.3,377.45
2023-08-09 12:50:00,377.45,377.75,377.05,377.6
2023-08-09 12:55:00,377.6,378.0,377.25,377.9
2023-08-09 13:00:00,377.9,378.0,377.8,377.9
2023-08-09 13:05:00,377.9,377.9,377.35,377.7
2023-08-09 13:10:00,377.75,378.0,377.5,377.9
2023-08-09 13:15:00,377.95,378.0,377.5,377.65
2023-08-09 13:20:00,377.75,377.8,377.5,377.8
2023-08-09 13:25:00,377.8,377.8,377.25,377.55
2023-08-09 13:30:00,377.6,377.7,377.1,377.7
2023-08-09 13:35:00,377.7,377.7,377.25,377.55
2023-08-09 13:40:00,377.5,377.6,377.0,377.3
2023-08-09 13:45:00,377.3,377.5,377.0,377.5
2023-08-09 13:50:00,377.6,377.65,377.25,377.45
2023-08-09 13:55:00,377.5,377.65,377.0,377.45
2023-08-09 14:00:00,377.35,377.7,377.0,377.35
2023-08-09 14:05:00,377.05,377.45,377.0,377.05
2023-08-09 14:10:00,377.3,377.4,376.45,376.5
2023-08-09 14:15:00,376.5,377.3,376.5,376.9
2023-08-09 14:20:00,377.0,377.85,376.8,377.7
2023-08-09 14:25:00,377.6,377.95,377.55,377.95
2023-08-09 14:30:00,377.95,378.5,377.5,377.65
2023-08-09 14:35:00,377.9,378.25,377.6,378.25
2023-08-09 14:40:00,378.3,378.5,378.2,378.45
2023-08-09 14:45:00,378.45,381.25,378.25,379.8
2023-08-09 14:50:00,379.65,379.65,378.65,379.2
2023-08-09 14:55:00,379.15,379.4,378.7,378.85
2023-08-09 15:00:00,379.0,379.4,378.85,379.0
2023-08-09 15:05:00,379.15,379.25,378.75,378.75
2023-08-09 15:10:00,379.0,379.0,378.0,378.1
2023-08-09 15:15:00,378.05,378.4,377.6,377.95
2023-08-09 15:20:00,377.85,378.45,377.15,378.0
2023-08-09 15:25:00,378.0,378.15,377.5,377.6
2023-08-10 09:15:00,376.55,384.0,376.0,381.25
2023-08-10 09:20:00,380.65,381.85,380.35,381.45
2023-08-10 09:25:00,381.6,382.2,381.0,382.1
2023-08-10 09:30:00,381.95,382.2,381.3,381.7
2023-08-10 09:35:00,381.7,382.0,381.1,381.15
2023-08-10 09:40:00,381.0,381.3,378.55,379.15
2023-08-10 09:45:00,379.35,380.0,379.2,379.75
2023-08-10 09:50:00,379.8,380.25,379.05,379.3
2023-08-10 09:55:00,379.3,379.65,378.2,378.25
2023-08-10 10:00:00,378.0,378.45,376.8,377.0
2023-08-10 10:05:00,376.7,378.0,376.7,377.95
2023-08-10 10:10:00,377.95,379.0,377.85,378.55
2023-08-10 10:15:00,378.55,378.75,377.6,377.7
2023-08-10 10:20:00,377.7,377.75,376.55,376.85
2023-08-10 10:25:00,376.65,377.3,376.4,376.9
2023-08-10 10:30:00,376.7,377.0,376.25,377.0
2023-08-10 10:35:00,377.0,377.0,376.3,376.45
2023-08-10 10:40:00,376.5,376.6,375.6,376.0
2023-08-10 10:45:00,376.0,376.0,375.55,375.8
2023-08-10 10:50:00,376.0,376.5,375.75,376.25
2023-08-10 10:55:00,376.15,376.3,375.75,375.8
2023-08-10 11:00:00,375.95,376.0,375.75,375.95
2023-08-10 11:05:00,376.0,376.0,375.7,375.95
2023-08-10 11:10:00,376.0,376.0,375.7,375.95
2023-08-10 11:15:00,375.95,375.95,375.8,375.9
2023-08-10 11:20:00,375.9,375.95,375.7,375.9
2023-08-10 11:25:00,375.9,375.9,375.5,375.85
2023-08-10 11:30:00,375.85,375.9,375.1,375.1
2023-08-10 11:35:00,375.3,375.9,375.0,375.8
2023-08-10 11:40:00,375.7,376.75,375.6,376.45
2023-08-10 11:45:00,376.55,377.0,376.25,377.0
2023-08-10 11:50:00,377.0,377.5,376.8,377.05
2023-08-10 11:55:00,377.1,377.1,376.7,376.95
2023-08-10 12:00:00,376.95,377.05,376.4,376.65
2023-08-10 12:05:00,376.95,376.95,376.5,376.5
2023-08-10 12:10:00,376.55,376.95,376.5,376.7
2023-08-10 12:15:00,376.5,376.75,376.2,376.45
2023-08-10 12:20:00,376.45,376.5,376.1,376.5
2023-08-10 12:25:00,376.5,376.5,376.0,376.5
2023-08-10 12:30:00,376.5,376.85,376.0,376.5
2023-08-10 12:35:00,376.55,377.45,376.55,377.1
2023-08-10 12:40:00,377.3,378.65,377.15,378.45
2023-08-10 12:45:00,378.45,380.7,378.3,379.55
2023-08-10 12:50:00,379.65,379.8,379.05,379.45
2023-08-10 12:55:00,379.2,379.45,377.85,378.45
2023-08-10 13:00:00,378.45,380.75,378.4,380.3
2023-08-10 13:05:00,380.15,380.35,379.1,379.75
2023-08-10 13:10:00,379.55,379.75,378.0,378.5
2023-08-10 13:15:00,378.7,378.8,378.05,378.45
2023-08-10 13:20:00,378.45,378.7,377.75,377.75
2023-08-10 13:25:00,377.9,377.9,376.8,377.25
2023-08-10 13:30:00,377.25,377.85,376.9,377.85
2023-08-10 13:35:00,377.55,378.2,377.1,378.0
2023-08-10 13:40:00,378.0,378.05,376.85,377.0
2023-08-10 13:45:00,377.0,377.7,376.7,377.0
2023-08-10 13:50:00,376.95,376.95,375.7,375.9
2023-08-10 13:55:00,375.9,376.4,375.7,376.0
2023-08-10 14:00:00,376.15,376.35,375.65,376.0
2023-08-10 14:05:00,375.95,376.1,375.7,376.1
2023-08-10 14:10:00,376.05,376.3,375.75,375.85
2023-08-10 14:15:00,375.8,376.0,375.65,376.0
2023-08-10 14:20:00,376.0,376.25,375.7,376.05
2023-08-10 14:25:00,376.1,376.1,375.6,375.6
2023-08-10 14:30:00,375.6,375.6,375.1,375.35
2023-08-10 14:35:00,375.4,375.75,375.15,375.6
2023-08-10 14:40:00,375.6,375.85,375.3,375.8
2023-08-10 14:45:00,375.8,375.95,375.45,375.75
2023-08-10 14:50:00,375.55,375.75,375.05,375.55
2023-08-10 14:55:00,375.3,375.6,374.25,374.6
2023-08-10 15:00:00,374.6,375.0,374.5,374.95
2023-08-10 15:05:00,374.9,375.0,374.2,374.8
2023-08-10 15:10:00,374.8,374.8,373.0,373.1
2023-08-10 15:15:00,373.2,373.25,372.0,372.2
2023-08-10 15:20:00,372.15,372.9,372.0,372.75
2023-08-10 15:25:00,372.8,373.95,372.75,373.7
2023-08-11 09:15:00,390.0,390.0,383.6,384.05
2023-08-11 09:20:00,384.1,384.5,381.4,383.25
2023-08-11 09:25:00,383.25,384.3,382.25,383.3
2023-08-11 09:30:00,383.05,384.0,383.05,383.95
2023-08-11 09:35:00,383.9,384.05,383.3,384.05
2023-08-11 09:40:00,384.25,385.5,383.9,385.45
2023-08-11 09:45:00,385.15,385.9,385.0,385.1
2023-08-11 09:50:00,384.75,385.45,383.95,383.95
2023-08-11 09:55:00,383.9,384.0,382.9,383.3
2023-08-11 10:00:00,383.3,383.65,382.65,383.2
2023-08-11 10:05:00,383.25,383.45,382.35,382.6
2023-08-11 10:10:00,382.6,383.4,382.45,383.05
2023-08-11 10:15:00,383.1,383.25,382.05,382.7
2023-08-11 10:20:00,382.7,383.0,382.3,383.0
2023-08-11 10:25:00,382.95,383.0,382.3,383.0
2023-08-11 10:30:00,382.75,383.9,382.7,383.6
2023-08-11 10:35:00,383.55,383.75,383.15,383.25
2023-08-11 10:40:00,383.6,384.45,383.2,383.65
2023-08-11 10:45:00,383.7,383.7,383.0,383.7
2023-08-11 10:50:00,383.6,383.75,382.85,383.25
2023-08-11 10:55:00,383.0,383.5,382.55,383.3
2023-08-11 11:00:00,383.1,383.3,382.25,382.5
2023-08-11 11:05:00,382.6,383.25,382.5,383.25
2023-08-11 11:10:00,383.3,383.5,383.0,383.45
2023-08-11 11:15:00,383.45,383.5,383.1,383.45
2023-08-11 11:20:00,383.45,383.6,383.1,383.4
2023-08-11 11:25:00,383.4,383.4,383.05,383.3
2023-08-11 11:30:00,383.05,383.5,382.95,383.1
2023-08-11 11:35:00,383.1,383.15,382.65,382.95
2023-08-11 11:40:00,382.95,383.2,382.75,383.0
2023-08-11 11:45:00,383.0,383.0,382.7,382.95
2023-08-11 11:50:00,382.95,383.35,382.65,383.0
2023-08-11 11:55:00,382.85,383.2,382.8,383.15
2023-08-11 12:00:00,383.15,383.2,382.85,383.15
2023-08-11 12:05:00,383.0,383.2,383.0,383.1
2023-08-11 12:10:00,383.15,383.7,383.0,383.7
2023-08-11 12:15:00,383.75,383.8,383.5,383.75
2023-08-11 12:20:00,383.75,383.75,383.5,383.6
2023-08-11 12:25:00,383.5,383.6,383.1,383.35
2023-08-11 12:30:00,383.1,383.5,383.0,383.5
2023-08-11 12:35:00,383.5,384.0,383.2,383.8
2023-08-11 12:40:00,383.8,384.0,383.5,383.9
2023-08-11 12:45:00,383.9,384.0,383.3,383.8
2023-08-11 12:50:00,383.8,383.85,383.0,383.2
2023-08-11 12:55:00,383.2,383.3,382.6,382.9
2023-08-11 13:00:00,382.9,383.5,382.7,383.35
2023-08-11 13:05:00,383.35,383.45,383.05,383.2
2023-08-11 13:10:00,383.2,383.5,383.0,383.4
2023-08-11 13:15:00,383.45,383.5,383.0,383.35
2023-08-11 13:20:00,383.35,383.4,383.0,383.15
2023-08-11 13:25:00,383.15,383.35,382.9,383.2
2023-08-11 13:30:00,383.2,383.5,382.85,383.2
2023-08-11 13:35:00,382.9,383.45,382.9,383.4
2023-08-11 13:40:00,383.25,383.45,383.0,383.45
2023-08-11 13:45:00,383.15,383.45,383.0,383.4
2023-08-11 13:50:00,383.4,383.4,382.9,383.25
2023-08-11 13:55:00,383.0,383.5,383.0,383.5
2023-08-11 14:00:00,383.3,383.7,383.25,383.3
2023-08-11 14:05:00,383.25,383.35,382.85,383.0
2023-08-11 14:10:00,383.15,383.4,382.8,382.9
2023-08-11 14:15:00,383.2,383.65,382.9,383.6
2023-08-11 14:20:00,383.5,383.95,383.3,383.7
2023-08-11 14:25:00,383.7,384.4,383.6,383.9
2023-08-11 14:30:00,383.9,383.9,383.55,383.75
2023-08-11 14:35:00,383.6,384.0,383.55,383.95
2023-08-11 14:40:00,383.95,383.95,383.5,383.5
2023-08-11 14:45:00,383.7,384.1,383.5,383.7
2023-08-11 14:50:00,383.65,384.4,383.65,384.0
2023-08-11 14:55:00,383.75,384.0,383.7,383.8
2023-08-11 15:00:00,383.8,383.9,383.15,383.7
2023-08-11 15:05:00,383.65,383.8,383.3,383.6
2023-08-11 15:10:00,383.55,383.85,383.3,383.5
2023-08-11 15:15:00,383.25,383.8,383.0,383.05
2023-08-11 15:20:00,383.35,383.45,382.0,382.7
2023-08-11 15:25:00,382.7,383.6,382.5,383.5
2023-08-14 09:15:00,379.8,379.8,372.3,376.3
2023-08-14 09:20:00,375.85,376.75,373.75,374.1
2023-08-14 09:25:00,373.75,374.45,372.05,372.5
2023-08-14 09:30:00,372.5,373.25,371.5,371.8
2023-08-14 09:35:00,371.8,373.95,371.2,373.95
2023-08-14 09:40:00,374.1,374.5,373.55,374.3
2023-08-14 09:45:00,374.3,375.5,374.15,375.4
2023-08-14 09:50:00,375.4,375.9,374.55,374.8
2023-08-14 09:55:00,374.8,375.45,374.55,375.45
2023-08-14 10:00:00,375.35,376.2,375.1,375.9
2023-08-14 10:05:00,375.9,376.0,375.15,375.6
2023-08-14 10:10:00,375.8,376.15,375.5,375.75
2023-08-14 10:15:00,375.95,375.95,375.2,375.5
2023-08-14 10:20:00,375.5,375.5,374.5,374.5
2023-08-14 10:25:00,374.5,374.7,373.6,373.8
2023-08-14 10:30:00,373.85,374.35,373.8,374.0
2023-08-14 10:35:00,373.95,374.0,373.45,373.65
2023-08-14 10:40:00,373.45,373.75,373.25,373.55
2023-08-14 10:45:00,373.55,374.0,373.4,373.85
2023-08-14 10:50:00,373.85,374.9,373.8,374.75
2023-08-14 10:55:00,374.55,374.9,374.15,374.9
2023-08-14 11:00:00,374.9,374.9,374.35,374.8
2023-08-14 11:05:00,374.8,375.5,374.4,374.4
2023-08-14 11:10:00,374.95,375.25,374.75,375.0
2023-08-14 11:15:00,374.95,375.0,374.65,374.95
2023-08-14 11:20:00,374.95,375.5,374.85,375.5
2023-08-14 11:25:00,375.5,376.4,375.45,376.25
2023-08-14 11:30:00,376.3,376.3,375.75,375.75
2023-08-14 11:35:00,375.8,376.2,375.75,375.95
2023-08-14 11:40:00,375.8,376.0,375.6,376.0
2023-08-14 11:45:00,376.0,376.2,375.65,375.75
2023-08-14 11:50:00,375.75,376.0,375.3,375.65
2023-08-14 11:55:00,375.65,376.0,375.65,375.8
2023-08-14 12:00:00,375.8,376.1,375.65,376.1
2023-08-14 12:05:00,376.1,376.4,376.0,376.1
2023-08-14 12:10:00,376.4,377.0,376.2,377.0
2023-08-14 12:15:00,377.0,377.0,376.3,376.65
2023-08-14 12:20:00,376.65,377.0,376.3,376.7
2023-08-14 12:25:00,376.7,376.7,375.65,376.0
2023-08-14 12:30:00,376.0,376.0,375.25,375.5
2023-08-14 12:35:00,375.5,375.7,375.0,375.25
2023-08-14 12:40:00,375.25,375.55,375.0,375.5
2023-08-14 12:45:00,375.55,375.75,375.0,375.5
2023-08-14 12:50:00,375.3,375.9,375.25,375.7
2023-08-14 12:55:00,375.7,375.95,375.45,375.7
2023-08-14 13:00:00,375.7,375.75,375.4,375.45
2023-08-14 13:05:00,375.55,375.65,375.15,375.45
2023-08-14 13:10:00,375.35,375.4,374.8,375.15
2023-08-14 13:15:00,375.0,375.65,375.0,375.65
2023-08-14 13:20:00,375.5,375.7,375.15,375.35
2023-08-14 13:25:00,375.5,376.35,375.3,376.35
2023-08-14 13:30:00,376.3,376.3,375.95,376.05
2023-08-14 13:35:00,376.1,376.5,375.75,375.75
2023-08-14 13:40:00,376.1,376.35,375.55,376.35
2023-08-14 13:45:00,376.35,376.85,376.05,376.45
2023-08-14 13:50:00,376.4,376.85,376.1,376.5
2023-08-14 13:55:00,376.5,376.7,376.35,376.45
2023-08-14 14:00:00,376.7,376.95,376.55,376.85
2023-08-14 14:05:00,376.85,376.85,376.3,376.65
2023-08-14 14:10:00,376.65,376.8,376.45,376.7
2023-08-14 14:15:00,376.7,376.7,376.1,376.55
2023-08-14 14:20:00,376.55,376.6,376.05,376.25
2023-08-14 14:25:00,376.25,376.5,376.1,376.25
2023-08-14 14:30:00,376.5,376.5,376.05,376.3
2023-08-14 14:35:00,376.45,376.5,376.0,376.4
2023-08-14 14:40:00,376.4,376.8,376.15,376.7
2023-08-14 14:45:00,376.7,376.9,376.5,376.65
2023-08-14 14:50:00,376.5,376.9,376.5,376.65
2023-08-14 14:55:00,376.65,376.65,376.25,376.45
2023-08-14 15:00:00,376.4,376.5,376.1,376.3
2023-08-14 15:05:00,376.15,376.3,376.0,376.2
2023-08-14 15:10:00,376.2,376.3,376.05,376.15
2023-08-14 15:15:00,376.15,376.2,376.0,376.0
2023-08-14 15:20:00,376.0,376.0,375.0,375.25
2023-08-14 15:25:00,375.2,377.0,375.05,377.0
2023-08-16 09:15:00,374.0,375.65,373.7,375.0
2023-08-16 09:20:00,374.55,376.25,374.55,376.0
2023-08-16 09:25:00,376.0,376.0,375.0,375.0
2023-08-16 09:30:00,375.25,375.3,373.35,373.65
2023-08-16 09:35:00,373.6,374.4,372.9,374.15
2023-08-16 09:40:00,374.15,374.35,373.5,373.6
2023-08-16 09:45:00,373.95,374.0,373.6,373.9
2023-08-16 09:50:00,374.0,374.0,373.55,373.55
2023-08-16 09:55:00,373.55,373.75,373.15,373.5
2023-08-16 10:00:00,373.6,373.75,373.1,373.1
2023-08-16 10:05:00,373.25,373.25,373.0,373.25
2023-08-16 10:10:00,373.25,373.25,373.05,373.25
2023-08-16 10:15:00,373.25,373.25,372.75,373.15
2023-08-16 10:20:00,373.15,373.15,372.75,373.0
2023-08-16 10:25:00,372.9,373.15,372.9,373.15
2023-08-16 10:30:00,373.15,373.15,372.6,373.15
2023-08-16 10:35:00,373.0,373.15,372.65,372.9
2023-08-16 10:40:00,372.9,373.0,372.6,372.95
2023-08-16 10:45:00,372.9,373.15,372.5,373.1
2023-08-16 10:50:00,373.1,373.15,372.7,372.7
2023-08-16 10:55:00,372.9,372.9,372.1,372.4
2023-08-16 11:00:00,372.4,372.5,371.65,371.9
2023-08-16 11:05:00,371.9,371.95,371.35,371.9
2023-08-16 11:10:00,371.9,371.9,370.35,371.05
2023-08-16 11:15:00,371.35,371.4,369.1,371.25
2023-08-16 11:20:00,371.25,371.3,370.7,371.0
2023-08-16 11:25:00,371.1,371.5,370.9,371.5
2023-08-16 11:30:00,371.5,371.9,371.35,371.85
2023-08-16 11:35:00,371.85,371.9,371.35,371.65
2023-08-16 11:40:00,371.65,371.65,370.7,370.7
2023-08-16 11:45:00,370.7,370.7,369.75,369.9
2023-08-16 11:50:00,370.0,370.0,369.6,370.0
2023-08-16 11:55:00,370.0,370.65,369.9,370.3
2023-08-16 12:00:00,370.1,371.2,370.1,371.15
2023-08-16 12:05:00,370.85,371.0,370.65,371.0
2023-08-16 12:10:00,370.95,371.0,370.5,370.65
2023-08-16 12:15:00,370.6,370.65,370.05,370.5
2023-08-16 12:20:00,370.65,370.7,370.2,370.25
2023-08-16 12:25:00,370.5,370.5,370.25,370.3
2023-08-16 12:30:00,370.3,370.45,370.25,370.3
2023-08-16 12:35:00,370.3,370.8,370.15,370.45
2023-08-16 12:40:00,370.4,370.8,370.05,370.5
2023-08-16 12:45:00,370.75,370.9,370.5,370.5
2023-08-16 12:50:00,370.75,370.95,370.05,370.6
2023-08-16 12:55:00,370.55,370.9,370.15,370.6
2023-08-16 13:00:00,370.6,371.0,370.25,371.0
2023-08-16 13:05:00,371.0,371.0,370.55,370.95
2023-08-16 13:10:00,371.0,371.0,370.5,370.6
2023-08-16 13:15:00,370.9,370.95,370.5,370.6
2023-08-16 13:20:00,370.7,370.9,370.5,370.65
2023-08-16 13:25:00,370.5,370.6,370.25,370.5
2023-08-16 13:30:00,370.5,370.95,370.3,370.7
2023-08-16 13:35:00,370.65,371.0,370.45,370.75
2023-08-16 13:40:00,370.95,370.95,370.4,370.55
2023-08-16 13:45:00,370.5,370.85,370.3,370.55
2023-08-16 13:50:00,370.5,370.85,370.1,370.6
2023-08-16 13:55:00,370.6,370.85,370.25,370.5
2023-08-16 14:00:00,370.7,370.85,370.3,370.75
2023-08-16 14:05:00,370.8,370.85,370.55,370.7
2023-08-16 14:10:00,370.7,370.7,370.05,370.35
2023-08-16 14:15:00,370.55,370.7,370.25,370.45
2023-08-16 14:20:00,370.35,370.75,370.35,370.75
2023-08-16 14:25:00,370.5,370.65,370.3,370.5
2023-08-16 14:30:00,370.5,370.6,370.15,370.5
2023-08-16 14:35:00,370.25,370.6,370.1,370.55
2023-08-16 14:40:00,370.6,371.2,370.35,371.15
2023-08-16 14:45:00,371.05,371.35,370.75,371.0
2023-08-16 14:50:00,371.0,371.1,370.1,370.4
2023-08-16 14:55:00,370.5,370.85,370.0,370.15
2023-08-16 15:00:00,370.35,370.9,370.2,370.8
2023-08-16 15:05:00,370.85,371.0,370.25,371.0
2023-08-16 15:10:00,370.6,371.05,370.4,370.5
2023-08-16 15:15:00,370.5,370.5,369.8,370.3
2023-08-16 15:20:00,370.25,370.3,369.5,369.6
2023-08-16 15:25:00,369.6,369.85,369.4,369.5
2023-08-17 09:15:00,371.65,373.9,370.2,372.3
2023-08-17 09:20:00,372.25,373.0,371.0,371.4
2023-08-17 09:25:00,371.2,371.4,370.3,371.15
2023-08-17 09:30:00,371.15,373.1,370.9,372.0
2023-08-17 09:35:00,372.0,372.95,371.85,372.6
2023-08-17 09:40:00,372.5,372.95,371.7,372.95
2023-08-17 09:45:00,372.95,373.5,372.4,372.55
2023-08-17 09:50:00,372.6,373.2,372.4,373.05
2023-08-17 09:55:00,373.1,373.1,372.2,372.7
2023-08-17 10:00:00,372.65,372.7,372.2,372.7
2023-08-17 10:05:00,372.7,372.8,372.2,372.3
2023-08-17 10:10:00,372.2,372.75,372.0,372.65
2023-08-17 10:15:00,372.7,372.8,372.0,372.0
2023-08-17 10:20:00,372.1,372.45,371.7,372.45
2023-08-17 10:25:00,372.3,372.55,372.1,372.4
2023-08-17 10:30:00,372.4,372.5,372.05,372.05
2023-08-17 10:35:00,372.05,372.4,371.25,371.3
2023-08-17 10:40:00,371.5,371.6,371.1,371.55
2023-08-17 10:45:00,371.55,372.15,371.4,372.15
2023-08-17 10:50:00,372.0,372.15,371.4,371.5
2023-08-17 10:55:00,371.5,372.0,371.5,371.65
2023-08-17 11:00:00,371.95,371.95,370.75,371.5
2023-08-17 11:05:00,371.55,371.55,370.8,370.8
2023-08-17 11:10:00,371.0,371.0,370.6,370.95
2023-08-17 11:15:00,370.6,371.0,370.1,370.1
2023-08-17 11:20:00,370.3,370.55,370.0,370.55
2023-08-17 11:25:00,370.35,370.8,370.15,370.45
2023-08-17 11:30:00,370.65,370.7,370.1,370.5
2023-08-17 11:35:00,370.6,370.9,370.3,370.9
2023-08-17 11:40:00,370.85,371.8,370.7,371.7
2023-08-17 11:45:00,371.7,371.9,371.3,371.65
2023-08-17 11:50:00,371.7,371.7,371.0,371.35
2023-08-17 11:55:00,371.1,371.55,370.85,370.95
2023-08-17 12:00:00,370.9,370.95,370.55,370.8
2023-08-17 12:05:00,370.8,370.85,370.5,370.8
2023-08-17 12:10:00,370.8,371.0,370.55,370.95
2023-08-17 12:15:00,370.95,371.0,370.7,370.95
2023-08-17 12:20:00,370.95,370.95,370.3,370.65
2023-08-17 12:25:00,370.3,370.8,370.3,370.8
2023-08-17 12:30:00,370.8,371.0,370.35,370.55
2023-08-17 12:35:00,370.85,370.9,370.5,370.75
2023-08-17 12:40:00,370.75,370.85,370.55,370.6
2023-08-17 12:45:00,370.85,371.0,370.6,370.9
2023-08-17 12:50:00,370.9,371.0,370.5,370.7
2023-08-17 12:55:00,370.75,370.85,370.45,370.55
2023-08-17 13:00:00,370.55,370.8,370.45,370.7
2023-08-17 13:05:00,370.7,370.75,370.4,370.75
2023-08-17 13:10:00,370.75,370.8,370.4,370.55
2023-08-17 13:15:00,370.65,370.8,370.5,370.5
2023-08-17 13:20:00,370.7,370.8,370.3,370.35
2023-08-17 13:25:00,370.55,370.6,369.25,369.6
2023-08-17 13:30:00,369.5,369.6,369.1,369.6
2023-08-17 13:35:00,369.6,370.0,369.5,369.7
2023-08-17 13:40:00,369.9,370.0,369.7,369.75
2023-08-17 13:45:00,369.95,370.0,369.55,370.0
2023-08-17 13:50:00,370.0,370.4,369.8,370.4
2023-08-17 13:55:00,370.4,370.4,369.85,370.0
2023-08-17 14:00:00,370.0,370.0,369.8,369.8
2023-08-17 14:05:00,370.0,370.1,369.8,370.1
2023-08-17 14:10:00,370.15,371.0,370.0,370.4
2023-08-17 14:15:00,370.35,370.4,369.9,370.0
2023-08-17 14:20:00,370.0,370.3,369.8,369.8
2023-08-17 14:25:00,370.0,370.3,369.7,369.7
2023-08-17 14:30:00,369.65,370.4,369.4,370.15
2023-08-17 14:35:00,370.15,370.4,369.8,370.3
2023-08-17 14:40:00,370.25,370.45,369.55,369.85
2023-08-17 14:45:00,369.85,369.85,369.3,369.7
2023-08-17 14:50:00,369.7,370.0,369.5,369.85
2023-08-17 14:55:00,369.85,370.25,369.8,370.0
2023-08-17 15:00:00,370.15,370.15,369.5,369.85
2023-08-17 15:05:00,369.65,369.85,369.3,369.7
2023-08-17 15:10:00,369.7,369.9,369.3,369.4
2023-08-17 15:15:00,369.45,369.45,367.6,367.9
2023-08-17 15:20:00,367.85,367.85,366.9,367.35
2023-08-17 15:25:00,367.3,367.35,366.8,366.95
2023-08-18 09:15:00,368.85,373.4,367.0,372.8
2023-08-18 09:20:00,372.4,372.7,370.75,372.0
2023-08-18 09:25:00,371.9,371.9,370.65,370.9
2023-08-18 09:30:00,370.8,371.9,370.55,371.9
2023-08-18 09:35:00,372.2,372.55,371.05,371.4
2023-08-18 09:40:00,371.45,372.0,371.2,371.85
2023-08-18 09:45:00,371.95,373.95,371.2,373.9
2023-08-18 09:50:00,373.9,377.0,373.5,375.9
2023-08-18 09:55:00,376.25,376.3,374.65,374.9
2023-08-18 10:00:00,374.7,374.75,373.65,373.95
2023-08-18 10:05:00,373.95,374.5,373.6,373.75
2023-08-18 10:10:00,373.7,373.95,372.6,373.8
2023-08-18 10:15:00,373.55,374.2,373.0,374.2
2023-08-18 10:20:00,374.2,374.9,373.9,374.05
2023-08-18 10:25:00,374.15,374.4,373.25,373.5
2023-08-18 10:30:00,373.3,373.95,373.2,373.5
2023-08-18 10:35:00,373.4,374.0,373.4,373.75
2023-08-18 10:40:00,373.8,373.95,373.35,373.9
2023-08-18 10:45:00,373.9,373.9,373.4,373.5
2023-08-18 10:50:00,373.5,374.2,373.5,373.8
2023-08-18 10:55:00,373.8,374.0,373.25,374.0
2023-08-18 11:00:00,374.0,374.3,373.6,374.0
2023-08-18 11:05:00,374.0,374.2,373.65,374.2
2023-08-18 11:10:00,374.0,374.4,373.6,374.1
2023-08-18 11:15:00,374.25,375.2,374.0,375.2
2023-08-18 11:20:00,375.4,376.15,375.0,375.85
2023-08-18 11:25:00,375.8,379.0,375.8,378.6
2023-08-18 11:30:00,379.15,380.95,378.75,378.9
2023-08-18 11:35:00,378.9,383.0,378.5,383.0
2023-08-18 11:40:00,382.95,383.8,382.0,382.55
2023-08-18 11:45:00,382.8,386.8,382.0,386.4
2023-08-18 11:50:00,386.45,390.8,386.25,388.4
2023-08-18 11:55:00,388.35,390.0,388.25,388.35
2023-08-18 12:00:00,388.5,393.55,387.7,392.0
2023-08-18 12:05:00,392.2,392.4,387.35,389.15
2023-08-18 12:10:00,389.0,390.4,387.5,388.25
2023-08-18 12:15:00,388.05,389.2,386.3,387.0
2023-08-18 12:20:00,387.3,388.55,386.1,386.3
2023-08-18 12:25:00,386.2,387.75,385.0,387.45
2023-08-18 12:30:00,387.7,387.95,386.5,386.6
2023-08-18 12:35:00,386.8,387.8,385.95,385.95
2023-08-18 12:40:00,386.0,386.95,385.2,386.35
2023-08-18 12:45:00,386.4,386.4,385.3,385.65
2023-08-18 12:50:00,385.65,386.4,385.6,386.2
2023-08-18 12:55:00,386.25,386.25,384.35,384.35
2023-08-18 13:00:00,384.25,385.25,384.25,385.1
2023-08-18 13:05:00,385.1,385.3,383.2,383.3
2023-08-18 13:10:00,383.35,383.6,382.5,383.25
2023-08-18 13:15:00,382.95,384.95,382.95,384.65
2023-08-18 13:20:00,384.6,384.95,383.25,383.5
2023-08-18 13:25:00,383.65,384.8,383.3,384.4
2023-08-18 13:30:00,384.4,387.0,384.4,386.5
2023-08-18 13:35:00,386.5,386.9,385.25,385.9
2023-08-18 13:40:00,385.65,386.0,385.05,385.3
2023-08-18 13:45:00,385.4,386.0,385.05,385.6
2023-08-18 13:50:00,385.6,386.0,385.1,385.15
2023-08-18 13:55:00,385.1,386.1,384.05,385.6
2023-08-18 14:00:00,385.75,386.1,385.1,385.5
2023-08-18 14:05:00,385.45,385.95,383.1,383.55
2023-08-18 14:10:00,383.3,384.25,383.3,383.5
2023-08-18 14:15:00,383.5,383.8,382.2,382.2
2023-08-18 14:20:00,382.4,382.7,381.0,382.3
2023-08-18 14:25:00,382.5,384.3,381.2,384.0
2023-08-18 14:30:00,384.0,384.95,383.65,384.2
2023-08-18 14:35:00,384.25,384.65,382.9,383.05
2023-08-18 14:40:00,382.9,384.25,382.9,383.75
2023-08-18 14:45:00,383.6,383.8,383.1,383.3
2023-08-18 14:50:00,383.3,383.8,383.05,383.3
2023-08-18 14:55:00,383.3,384.25,383.3,383.5
2023-08-18 15:00:00,383.85,384.0,382.0,382.0
2023-08-18 15:05:00,382.05,383.0,381.65,382.45
2023-08-18 15:10:00,382.4,382.85,381.05,381.45
2023-08-18 15:15:00,381.5,381.85,381.0,381.35
2023-08-18 15:20:00,381.45,382.2,381.0,381.95
2023-08-18 15:25:00,381.9,382.9,381.9,382.5
2023-08-21 09:15:00,383.85,387.85,383.65,387.6
2023-08-21 09:20:00,387.5,388.5,385.55,387.7
2023-08-21 09:25:00,387.75,390.2,387.0,389.6
2023-08-21 09:30:00,389.5,391.9,389.1,389.2
2023-08-21 09:35:00,389.0,389.2,388.0,389.2
2023-08-21 09:40:00,389.5,391.7,389.3,389.7
2023-08-21 09:45:00,390.0,391.4,388.85,389.0
2023-08-21 09:50:00,389.0,389.0,387.25,387.65
2023-08-21 09:55:00,387.6,389.3,387.45,389.0
2023-08-21 10:00:00,389.0,389.3,388.05,388.95
2023-08-21 10:05:00,389.0,389.0,387.1,387.8
2023-08-21 10:10:00,387.8,388.05,387.05,387.4
2023-08-21 10:15:00,387.4,387.45,386.8,387.15
2023-08-21 10:20:00,387.4,388.0,387.3,387.95
2023-08-21 10:25:00,387.85,388.2,387.65,388.05
2023-08-21 10:30:00,388.0,388.9,387.9,388.45
2023-08-21 10:35:00,388.4,388.75,388.2,388.3
2023-08-21 10:40:00,388.35,388.35,387.45,387.45
2023-08-21 10:45:00,387.6,387.6,386.7,386.85
2023-08-21 10:50:00,387.0,387.0,386.7,386.8
2023-08-21 10:55:00,386.8,388.2,386.8,387.75
2023-08-21 11:00:00,387.75,389.6,387.35,389.25
2023-08-21 11:05:00,389.3,390.5,389.0,389.2
2023-08-21 11:10:00,389.15,389.3,388.0,388.3
2023-08-21 11:15:00,388.1,389.4,388.1,388.5
2023-08-21 11:20:00,388.5,388.55,388.05,388.1
2023-08-21 11:25:00,388.05,388.05,387.2,387.65
2023-08-21 11:30:00,387.4,387.6,387.1,387.45
2023-08-21 11:35:00,387.45,387.45,386.7,386.8
2023-08-21 11:40:00,386.75,387.3,386.25,386.25
2023-08-21 11:45:00,386.45,386.5,385.7,385.9
2023-08-21 11:50:00,385.9,385.95,384.9,384.9
2023-08-21 11:55:00,384.9,385.3,384.5,385.0
2023-08-21 12:00:00,385.0,385.2,384.7,384.9
2023-08-21 12:05:00,385.1,385.5,384.8,385.0
2023-08-21 12:10:00,385.0,385.0,384.7,384.75
2023-08-21 12:15:00,384.7,385.6,384.7,385.45
2023-08-21 12:20:00,385.4,385.4,384.9,384.9
2023-08-21 12:25:00,385.05,385.3,384.8,385.25
2023-08-21 12:30:00,385.05,386.0,385.05,385.95
2023-08-21 12:35:00,385.95,385.95,385.6,385.85
2023-08-21 12:40:00,385.85,385.85,384.8,384.8
2023-08-21 12:45:00,384.8,385.45,381.05,381.85
2023-08-21 12:50:00,381.9,382.95,381.5,382.3
2023-08-21 12:55:00,382.5,385.2,382.5,384.85
2023-08-21 13:00:00,384.85,385.0,384.25,384.7
2023-08-21 13:05:00,384.6,384.95,384.05,384.3
2023-08-21 13:10:00,384.2,384.5,384.0,384.2
2023-08-21 13:15:00,384.0,384.5,383.55,384.5
2023-08-21 13:20:00,384.55,384.7,384.05,384.6
2023-08-21 13:25:00,384.4,384.6,383.8,383.8
2023-08-21 13:30:00,383.75,385.0,383.75,384.95
2023-08-21 13:35:00,385.0,385.7,384.5,385.5
2023-08-21 13:40:00,385.2,386.25,385.1,385.25
2023-08-21 13:45:00,385.2,386.35,384.75,384.85
2023-08-21 13:50:00,384.85,386.25,384.85,386.0
2023-08-21 13:55:00,385.85,386.3,385.15,385.8
2023-08-21 14:00:00,385.95,386.0,385.2,385.2
2023-08-21 14:05:00,385.4,385.4,384.0,384.65
2023-08-21 14:10:00,384.65,384.75,384.0,384.1
2023-08-21 14:15:00,384.3,385.9,384.0,384.75
2023-08-21 14:20:00,384.75,385.05,384.7,385.0
2023-08-21 14:25:00,385.05,385.35,384.0,384.4
2023-08-21 14:30:00,384.4,384.95,384.4,384.5
2023-08-21 14:35:00,384.5,384.75,383.75,384.0
2023-08-21 14:40:00,383.95,384.5,383.95,384.1
2023-08-21 14:45:00,384.4,384.95,384.1,384.45
2023-08-21 14:50:00,384.45,384.6,383.15,383.5
2023-08-21 14:55:00,383.55,383.9,383.1,383.9
2023-08-21 15:00:00,384.0,384.5,383.5,383.65
2023-08-21 15:05:00,383.55,383.75,382.3,383.75
2023-08-21 15:10:00,383.95,383.95,382.0,382.0
2023-08-21 15:15:00,382.15,382.15,381.0,381.5
2023-08-21 15:20:00,381.4,383.55,381.4,383.1
2023-08-21 15:25:00,383.25,383.25,382.1,382.6
2023-08-22 09:15:00,384.85,389.0,384.85,388.45
2023-08-22 09:20:00,388.75,388.85,386.5,387.35
2023-08-22 09:25:00,387.05,387.6,386.55,386.85
2023-08-22 09:30:00,387.0,387.0,385.4,385.95
2023-08-22 09:35:00,386.0,386.7,385.2,385.35
2023-08-22 09:40:00,385.5,385.7,384.4,385.05
2023-08-22 09:45:00,385.05,385.5,383.55,384.75
2023-08-22 09:50:00,384.65,384.65,382.5,382.7
2023-08-22 09:55:00,382.7,383.85,382.65,383.2
2023-08-22 10:00:00,383.4,383.95,383.15,383.7
2023-08-22 10:05:00,383.7,383.7,382.8,382.9
2023-08-22 10:10:00,382.8,383.0,382.5,382.9
2023-08-22 10:15:00,382.75,383.0,381.4,382.2
2023-08-22 10:20:00,382.45,382.6,382.0,382.25
2023-08-22 10:25:00,382.25,383.2,382.25,382.8
2023-08-22 10:30:00,382.95,383.2,382.5,382.6
2023-08-22 10:35:00,382.6,383.2,382.6,382.85
2023-08-22 10:40:00,382.95,382.95,382.55,382.9
2023-08-22 10:45:00,382.9,382.9,381.3,381.4
2023-08-22 10:50:00,381.4,382.15,381.4,381.95
2023-08-22 10:55:00,382.15,382.5,381.9,382.4
2023-08-22 11:00:00,382.2,382.8,382.15,382.35
2023-08-22 11:05:00,382.6,382.85,382.35,382.6
2023-08-22 11:10:00,382.75,382.9,382.5,382.5
2023-08-22 11:15:00,382.7,382.8,382.05,382.25
2023-08-22 11:20:00,382.25,382.7,382.15,382.6
2023-08-22 11:25:00,382.7,382.85,382.25,382.6
2023-08-22 11:30:00,382.5,382.95,382.4,382.85
2023-08-22 11:35:00,382.85,383.8,382.8,383.8
2023-08-22 11:40:00,383.85,384.35,383.0,383.2
2023-08-22 11:45:00,383.05,383.4,383.0,383.05
2023-08-22 11:50:00,383.0,383.25,382.5,382.7
2023-08-22 11:55:00,382.7,383.0,382.7,382.85
2023-08-22 12:00:00,383.0,383.0,382.55,382.7
2023-08-22 12:05:00,382.7,383.0,382.5,382.5
2023-08-22 12:10:00,382.5,382.55,382.0,382.25
2023-08-22 12:15:00,382.25,382.65,382.0,382.65
2023-08-22 12:20:00,382.5,382.7,382.35,382.6
2023-08-22 12:25:00,382.5,382.85,382.45,382.75
2023-08-22 12:30:00,382.55,382.95,382.5,382.6
2023-08-22 12:35:00,382.8,382.95,382.5,382.65
2023-08-22 12:40:00,382.85,383.0,382.55,382.6
2023-08-22 12:45:00,382.75,383.0,382.5,382.65
2023-08-22 12:50:00,382.65,383.0,382.4,382.85
2023-08-22 12:55:00,382.85,382.9,382.5,382.6
2023-08-22 13:00:00,382.75,382.95,382.5,382.85
2023-08-22 13:05:00,382.85,382.9,382.5,382.55
2023-08-22 13:10:00,382.5,382.8,382.2,382.65
2023-08-22 13:15:00,382.75,382.95,382.6,382.7
2023-08-22 13:20:00,382.7,382.9,382.65,382.85
2023-08-22 13:25:00,382.9,383.0,382.0,382.05
2023-08-22 13:30:00,382.05,383.0,382.05,382.85
2023-08-22 13:35:00,382.85,383.1,382.65,383.0
2023-08-22 13:40:00,383.0,383.0,382.2,382.25
2023-08-22 13:45:00,382.2,382.25,381.3,381.6
2023-08-22 13:50:00,381.35,381.8,380.4,380.5
2023-08-22 13:55:00,380.5,380.85,380.2,380.25
2023-08-22 14:00:00,380.25,380.25,379.1,379.7
2023-08-22 14:05:00,379.8,380.45,379.5,379.7
2023-08-22 14:10:00,380.0,380.3,379.7,380.0
2023-08-22 14:15:00,380.0,380.45,379.5,379.75
2023-08-22 14:20:00,379.9,379.9,379.1,379.3
2023-08-22 14:25:00,379.4,380.05,379.2,380.05
2023-08-22 14:30:00,380.05,380.15,379.5,379.7
2023-08-22 14:35:00,379.7,379.95,379.5,379.55
2023-08-22 14:40:00,379.8,380.25,379.5,380.15
2023-08-22 14:45:00,380.4,380.9,380.2,380.75
2023-08-22 14:50:00,380.55,381.7,380.0,380.4
2023-08-22 14:55:00,380.45,381.45,380.1,380.45
2023-08-22 15:00:00,380.7,381.05,379.0,379.3
2023-08-22 15:05:00,379.1,379.8,379.1,379.2
2023-08-22 15:10:00,379.75,379.75,379.0,379.05
2023-08-22 15:15:00,379.3,379.45,377.0,377.5
2023-08-22 15:20:00,377.7,378.75,377.7,378.55
2023-08-22 15:25:00,378.5,379.65,378.45,379.6
2023-08-23 09:15:00,381.5,383.0,380.1,380.65
2023-08-23 09:20:00,380.85,381.0,379.2,379.65
2023-08-23 09:25:00,379.35,379.85,378.95,379.75
2023-08-23 09:30:00,379.6,380.0,379.05,379.35
2023-08-23 09:35:00,379.45,379.95,379.05,379.6
2023-08-23 09:40:00,379.85,380.0,379.35,379.85
2023-08-23 09:45:00,379.9,381.6,379.9,381.0
2023-08-23 09:50:00,381.1,381.2,379.85,379.85
2023-08-23 09:55:00,379.85,380.7,379.6,380.7
2023-08-23 10:00:00,380.65,382.35,380.35,381.7
2023-08-23 10:05:00,381.3,381.6,380.05,380.45
2023-08-23 10:10:00,380.2,381.15,379.5,381.0
2023-08-23 10:15:00,381.0,381.15,380.45,380.45
2023-08-23 10:20:00,380.45,380.55,379.8,379.8
2023-08-23 10:25:00,379.95,380.65,379.95,380.4
2023-08-23 10:30:00,380.45,380.95,380.2,380.95
2023-08-23 10:35:00,380.7,380.95,380.2,380.7
2023-08-23 10:40:00,380.4,380.75,379.5,379.8
2023-08-23 10:45:00,379.9,380.5,379.7,380.5
2023-08-23 10:50:00,380.5,380.6,379.8,380.0
2023-08-23 10:55:00,379.8,380.0,379.55,379.9
2023-08-23 11:00:00,379.9,379.95,379.55,379.6
2023-08-23 11:05:00,379.6,379.95,379.6,379.95
2023-08-23 11:10:00,379.95,380.1,379.4,379.75
2023-08-23 11:15:00,379.8,379.9,379.15,379.3
2023-08-23 11:20:00,379.3,379.7,379.15,379.3
2023-08-23 11:25:00,379.35,379.7,379.35,379.6
2023-08-23 11:30:00,379.35,379.9,379.35,379.9
2023-08-23 11:35:00,379.9,380.5,379.6,380.05
2023-08-23 11:40:00,380.3,380.4,379.65,380.1
2023-08-23 11:45:00,380.1,380.5,379.65,379.95
2023-08-23 11:50:00,380.0,380.05,379.5,379.8
2023-08-23 11:55:00,379.6,379.95,379.5,379.9
2023-08-23 12:00:00,379.9,379.95,379.3,379.5
2023-08-23 12:05:00,379.5,379.85,379.1,379.3
2023-08-23 12:10:00,379.6,379.6,378.55,379.0
2023-08-23 12:15:00,378.95,379.45,378.95,379.2
2023-08-23 12:20:00,379.25,379.3,378.75,378.8
2023-08-23 12:25:00,378.9,379.0,378.75,378.8
2023-08-23 12:30:00,378.8,379.2,378.75,379.0
2023-08-23 12:35:00,378.95,379.3,378.95,379.25
2023-08-23 12:40:00,379.3,379.9,378.95,379.75
2023-08-23 12:45:00,379.4,379.85,379.35,379.45
2023-08-23 12:50:00,379.45,379.55,379.0,379.25
2023-08-23 12:55:00,379.45,379.65,379.1,379.25
2023-08-23 13:00:00,379.15,379.95,379.1,379.6
2023-08-23 13:05:00,379.65,379.65,379.0,379.25
2023-08-23 13:10:00,379.0,379.3,378.8,378.85
2023-08-23 13:15:00,378.85,378.9,378.1,378.6
2023-08-23 13:20:00,378.6,379.0,377.65,378.15
2023-08-23 13:25:00,378.1,378.55,375.35,377.65
2023-08-23 13:30:00,377.45,377.8,376.55,377.0
2023-08-23 13:35:00,377.0,377.0,376.45,376.8
2023-08-23 13:40:00,376.7,377.85,376.6,377.45
2023-08-23 13:45:00,377.8,378.0,377.1,377.5
2023-08-23 13:50:00,377.95,378.0,377.25,377.75
2023-08-23 13:55:00,378.0,378.0,377.3,377.65
2023-08-23 14:00:00,377.65,377.95,377.4,377.8
2023-08-23 14:05:00,377.8,378.45,377.5,378.1
2023-08-23 14:10:00,378.35,378.7,378.05,378.45
2023-08-23 14:15:00,378.6,378.9,377.6,377.6
2023-08-23 14:20:00,377.6,377.95,377.05,377.5
2023-08-23 14:25:00,377.45,377.85,377.05,377.75
2023-08-23 14:30:00,377.6,377.7,377.1,377.2
2023-08-23 14:35:00,377.15,377.85,377.15,377.85
2023-08-23 14:40:00,377.55,377.95,377.2,377.5
2023-08-23 14:45:00,377.7,378.1,377.0,377.7
2023-08-23 14:50:00,378.0,378.05,377.1,377.1
2023-08-23 14:55:00,377.15,377.4,376.5,376.5
2023-08-23 15:00:00,376.3,376.4,373.2,375.4
2023-08-23 15:05:00,375.7,376.0,374.15,375.45
2023-08-23 15:10:00,376.2,376.2,374.1,375.0
2023-08-23 15:15:00,374.9,375.2,374.05,374.45
2023-08-23 15:20:00,374.25,374.8,373.8,374.5
2023-08-23 15:25:00,374.5,375.4,374.05,375.35
2023-08-24 09:15:00,378.75,381.0,377.0,379.9
2023-08-24 09:20:00,379.9,379.9,378.55,378.7
2023-08-24 09:25:00,378.65,379.3,377.45,379.25
2023-08-24 09:30:00,379.4,379.4,377.6,377.9
2023-08-24 09:35:00,378.0,378.0,377.15,377.55
2023-08-24 09:40:00,377.8,379.4,377.25,379.35
2023-08-24 09:45:00,379.3,379.4,378.55,378.6
2023-08-24 09:50:00,378.6,379.7,378.6,379.5
2023-08-24 09:55:00,379.4,379.4,378.65,379.2
2023-08-24 10:00:00,379.05,380.4,378.95,380.0
2023-08-24 10:05:00,379.85,379.85,378.6,378.9
2023-08-24 10:10:00,379.0,379.0,378.6,378.95
2023-08-24 10:15:00,378.75,379.4,378.75,379.4
2023-08-24 10:20:00,379.4,379.4,378.45,378.45
2023-08-24 10:25:00,378.75,379.0,378.5,378.75
2023-08-24 10:30:00,378.9,379.25,378.7,379.2
2023-08-24 10:35:00,379.0,379.2,378.3,378.9
2023-08-24 10:40:00,378.65,379.15,378.6,379.0
2023-08-24 10:45:00,379.0,379.0,378.6,378.95
2023-08-24 10:50:00,378.75,379.0,378.6,378.95
2023-08-24 10:55:00,378.65,378.9,378.0,378.05
2023-08-24 11:00:00,378.35,378.65,378.0,378.55
2023-08-24 11:05:00,378.7,378.9,378.1,378.4
2023-08-24 11:10:00,378.4,378.4,377.65,378.0
2023-08-24 11:15:00,378.2,378.5,377.7,377.8
2023-08-24 11:20:00,377.8,378.25,377.7,377.7
2023-08-24 11:25:00,377.6,377.9,377.55,377.55
2023-08-24 11:30:00,377.65,378.0,377.4,377.6
2023-08-24 11:35:00,377.65,377.9,377.1,377.9
2023-08-24 11:40:00,377.9,378.45,377.5,378.4
2023-08-24 11:45:00,378.15,378.4,378.0,378.15
2023-08-24 11:50:00,378.15,378.45,378.0,378.3
2023-08-24 11:55:00,378.3,378.3,377.8,378.1
2023-08-24 12:00:00,378.0,378.15,377.55,377.9
2023-08-24 12:05:00,377.65,377.9,377.25,377.8
2023-08-24 12:10:00,377.8,377.9,377.15,377.15
2023-08-24 12:15:00,377.6,377.95,377.3,377.95
2023-08-24 12:20:00,377.95,377.95,377.25,377.3
2023-08-24 12:25:00,377.5,377.5,376.3,377.35
2023-08-24 12:30:00,377.35,377.45,376.75,377.45
2023-08-24 12:35:00,377.45,377.5,377.05,377.45
2023-08-24 12:40:00,377.1,377.4,377.0,377.3
2023-08-24 12:45:00,377.3,377.5,376.9,377.05
2023-08-24 12:50:00,377.2,377.5,377.0,377.4
2023-08-24 12:55:00,377.2,377.5,377.0,377.45
2023-08-24 13:00:00,377.45,377.5,377.15,377.25
2023-08-24 13:05:00,377.2,377.6,377.05,377.5
2023-08-24 13:10:00,377.25,377.65,377.05,377.1
2023-08-24 13:15:00,377.15,377.55,377.1,377.25
2023-08-24 13:20:00,377.45,377.55,377.0,377.15
2023-08-24 13:25:00,377.4,377.4,377.1,377.15
2023-08-24 13:30:00,377.1,377.6,377.0,377.0
2023-08-24 13:35:00,377.3,377.45,376.25,376.35
2023-08-24 13:40:00,376.1,376.75,375.7,376.7
2023-08-24 13:45:00,376.55,377.3,376.5,376.65
2023-08-24 13:50:00,376.65,376.95,376.6,376.85
2023-08-24 13:55:00,376.85,377.2,376.75,377.15
2023-08-24 14:00:00,377.2,377.2,376.55,376.85
2023-08-24 14:05:00,376.95,376.95,376.6,376.9
2023-08-24 14:10:00,376.9,376.9,376.55,376.9
2023-08-24 14:15:00,376.9,377.0,376.55,377.0
2023-08-24 14:20:00,376.9,377.15,376.6,377.0
2023-08-24 14:25:00,377.0,377.0,376.0,376.7
2023-08-24 14:30:00,376.7,376.9,376.5,376.75
2023-08-24 14:35:00,376.55,376.85,376.4,376.5
2023-08-24 14:40:00,376.7,376.75,376.0,376.0
2023-08-24 14:45:00,376.15,376.2,375.15,375.25
2023-08-24 14:50:00,375.4,375.8,375.0,375.05
2023-08-24 14:55:00,375.4,375.85,375.1,375.6
2023-08-24 15:00:00,375.55,376.25,375.4,375.6
2023-08-24 15:05:00,375.75,376.0,375.55,376.0
2023-08-24 15:10:00,376.2,376.25,375.6,376.0
2023-08-24 15:15:00,376.1,376.6,375.1,375.6
2023-08-24 15:20:00,375.35,375.85,375.05,375.05
2023-08-24 15:25:00,375.2,376.9,375.05,376.9
2023-08-25 09:15:00,376.8,376.85,374.0,375.55
2023-08-25 09:20:00,375.5,377.05,374.55,377.0
2023-08-25 09:25:00,376.9,378.75,376.9,378.25
2023-08-25 09:30:00,378.5,378.5,377.3,377.55
2023-08-25 09:35:00,377.5,377.55,376.55,377.4
2023-08-25 09:40:00,377.35,377.35,376.35,376.4
2023-08-25 09:45:00,376.3,376.8,376.05,376.4
2023-08-25 09:50:00,376.25,376.5,375.7,376.1
2023-08-25 09:55:00,376.3,376.35,375.85,376.0
2023-08-25 10:00:00,375.95,376.35,375.4,376.1
2023-08-25 10:05:00,375.9,376.2,375.3,375.75
2023-08-25 10:10:00,375.5,375.75,375.05,375.2
2023-08-25 10:15:00,375.2,375.4,374.3,374.6
2023-08-25 10:20:00,374.6,374.75,374.1,374.7
2023-08-25 10:25:00,374.7,374.75,374.0,374.1
2023-08-25 10:30:00,373.55,373.8,373.0,373.2
2023-08-25 10:35:00,373.2,373.9,373.0,373.35
2023-08-25 10:40:00,373.6,374.5,373.35,374.3
2023-08-25 10:45:00,374.05,374.2,373.1,373.1
2023-08-25 10:50:00,373.35,374.0,373.1,373.8
2023-08-25 10:55:00,373.65,374.0,373.0,373.55
2023-08-25 11:00:00,373.6,373.8,373.05,373.75
2023-08-25 11:05:00,373.9,373.95,373.15,373.55
2023-08-25 11:10:00,373.55,374.2,373.5,374.05
2023-08-25 11:15:00,374.05,374.05,373.6,373.8
2023-08-25 11:20:00,373.85,374.9,373.85,374.75
2023-08-25 11:25:00,374.75,374.75,374.0,374.1
2023-08-25 11:30:00,374.1,374.5,373.85,374.2
2023-08-25 11:35:00,374.0,374.35,373.8,374.05
2023-08-25 11:40:00,374.35,374.85,374.0,374.8
2023-08-25 11:45:00,374.65,375.0,374.1,374.6
2023-08-25 11:50:00,374.6,374.95,374.35,374.8
2023-08-25 11:55:00,374.8,374.85,374.05,374.5
2023-08-25 12:00:00,374.85,374.85,374.05,374.3
2023-08-25 12:05:00,374.55,374.55,373.75,373.85
2023-08-25 12:10:00,373.85,374.2,373.75,374.0
2023-08-25 12:15:00,374.15,374.15,373.6,373.8
2023-08-25 12:20:00,373.85,374.0,373.5,373.8
2023-08-25 12:25:00,373.85,374.75,373.75,374.45
2023-08-25 12:30:00,374.65,374.75,374.25,374.6
2023-08-25 12:35:00,374.7,374.7,374.05,374.6
2023-08-25 12:40:00,374.6,374.7,374.05,374.4
2023-08-25 12:45:00,374.4,374.75,374.15,374.55
2023-08-25 12:50:00,374.6,374.6,374.1,374.4
2023-08-25 12:55:00,374.4,375.45,374.2,374.6
2023-08-25 13:00:00,374.9,375.0,374.5,375.0
2023-08-25 13:05:00,374.7,375.0,374.5,374.9
2023-08-25 13:10:00,374.9,374.9,374.4,374.7
2023-08-25 13:15:00,374.75,374.9,374.4,374.6
2023-08-25 13:20:00,374.3,374.95,374.05,374.8
2023-08-25 13:25:00,374.8,374.9,374.45,374.9
2023-08-25 13:30:00,374.95,375.5,374.55,375.15
2023-08-25 13:35:00,375.4,375.45,375.1,375.2
2023-08-25 13:40:00,375.45,375.45,375.15,375.35
2023-08-25 13:45:00,375.35,375.55,374.2,374.4
2023-08-25 13:50:00,374.2,374.9,374.15,374.7
2023-08-25 13:55:00,374.9,375.0,374.55,375.0
2023-08-25 14:00:00,374.65,375.35,374.6,375.15
2023-08-25 14:05:00,375.15,375.5,374.7,374.95
2023-08-25 14:10:00,374.95,374.95,374.3,374.6
2023-08-25 14:15:00,374.6,374.6,374.0,374.4
2023-08-25 14:20:00,374.4,374.4,373.8,373.8
2023-08-25 14:25:00,373.85,373.9,373.5,373.5
2023-08-25 14:30:00,373.75,373.9,373.5,373.8
2023-08-25 14:35:00,373.8,373.9,373.45,373.7
2023-08-25 14:40:00,373.7,373.9,373.5,373.85
2023-08-25 14:45:00,373.85,373.9,373.6,373.85
2023-08-25 14:50:00,373.7,373.9,373.6,373.9
2023-08-25 14:55:00,373.8,373.9,373.6,373.9
2023-08-25 15:00:00,373.85,374.0,373.6,373.95
2023-08-25 15:05:00,373.65,373.95,373.65,373.7
2023-08-25 15:10:00,373.85,373.85,373.5,373.7
2023-08-25 15:15:00,373.6,374.0,373.5,373.9
2023-08-25 15:20:00,373.7,373.95,373.35,373.4
2023-08-25 15:25:00,373.25,373.5,373.0,373.25
2023-08-28 09:15:00,373.4,378.0,373.4,376.75
2023-08-28 09:20:00,376.4,376.6,374.5,375.65
2023-08-28 09:25:00,375.65,375.85,374.0,375.5
2023-08-28 09:30:00,375.15,375.4,374.2,374.3
2023-08-28 09:35:00,374.55,374.85,374.05,374.05
2023-08-28 09:40:00,374.45,376.15,374.05,375.65
2023-08-28 09:45:00,376.1,377.0,375.85,376.1
2023-08-28 09:50:00,376.0,376.0,374.95,375.0
2023-08-28 09:55:00,375.0,375.0,374.0,374.25
2023-08-28 10:00:00,374.3,374.8,374.05,374.55
2023-08-28 10:05:00,374.75,374.8,374.0,374.25
2023-08-28 10:10:00,374.4,374.7,374.1,374.5
2023-08-28 10:15:00,374.5,374.9,374.05,374.3
2023-08-28 10:20:00,374.3,374.4,373.4,374.3
2023-08-28 10:25:00,374.05,374.3,373.5,373.95
2023-08-28 10:30:00,373.75,374.3,373.75,374.2
2023-08-28 10:35:00,374.2,374.4,373.4,373.5
2023-08-28 10:40:00,373.6,373.9,373.2,373.4
2023-08-28 10:45:00,373.55,374.3,373.2,374.0
2023-08-28 10:50:00,374.0,374.15,373.3,373.7
2023-08-28 10:55:00,373.55,373.9,373.2,373.8
2023-08-28 11:00:00,373.65,374.25,373.6,374.25
2023-08-28 11:05:00,374.25,374.4,373.5,373.7
2023-08-28 11:10:00,373.8,374.35,373.55,373.85
2023-08-28 11:15:00,373.85,374.1,373.55,374.05
2023-08-28 11:20:00,374.0,374.35,374.0,374.0
2023-08-28 11:25:00,374.0,374.15,373.75,374.0
2023-08-28 11:30:00,374.0,374.95,373.75,374.45
2023-08-28 11:35:00,374.45,374.65,374.05,374.2
2023-08-28 11:40:00,374.45,374.45,373.5,373.85
2023-08-28 11:45:00,373.55,373.9,373.05,373.5
2023-08-28 11:50:00,372.95,373.1,372.4,372.8
2023-08-28 11:55:00,372.75,373.0,372.6,372.95
2023-08-28 12:00:00,372.95,373.35,372.75,373.0
2023-08-28 12:05:00,373.0,373.0,370.4,371.85
2023-08-28 12:10:00,371.85,372.35,371.45,372.1
2023-08-28 12:15:00,372.15,372.3,371.8,372.2
2023-08-28 12:20:00,372.0,372.6,371.9,372.3
2023-08-28 12:25:00,372.0,372.5,371.95,372.5
2023-08-28 12:30:00,372.5,372.85,372.25,372.25
2023-08-28 12:35:00,372.8,372.8,372.25,372.4
2023-08-28 12:40:00,372.6,372.6,371.9,372.5
2023-08-28 12:45:00,372.5,372.65,372.15,372.35
2023-08-28 12:50:00,372.4,372.8,372.05,372.3
2023-08-28 12:55:00,372.5,373.15,372.15,372.8
2023-08-28 13:00:00,372.8,372.85,372.0,372.45
2023-08-28 13:05:00,372.45,372.5,371.5,372.15
2023-08-28 13:10:00,371.85,372.5,371.85,372.2
2023-08-28 13:15:00,372.2,372.4,372.05,372.4
2023-08-28 13:20:00,372.35,372.4,372.0,372.4
2023-08-28 13:25:00,372.4,372.75,372.2,372.55
2023-08-28 13:30:00,372.55,372.8,372.3,372.5
2023-08-28 13:35:00,372.5,372.8,372.1,372.75
2023-08-28 13:40:00,372.75,373.25,372.3,372.8
2023-08-28 13:45:00,372.8,373.0,372.45,372.45
2023-08-28 13:50:00,372.7,372.7,372.2,372.5
2023-08-28 13:55:00,372.5,372.95,372.25,372.9
2023-08-28 14:00:00,372.9,373.15,372.65,373.05
2023-08-28 14:05:00,373.05,373.05,372.2,372.65
2023-08-28 14:10:00,372.65,372.65,372.25,372.55
2023-08-28 14:15:00,372.5,372.5,372.05,372.3
2023-08-28 14:20:00,372.3,372.45,371.5,372.05
2023-08-28 14:25:00,372.0,372.25,371.85,372.25
2023-08-28 14:30:00,372.25,372.6,371.9,371.9
2023-08-28 14:35:00,371.85,372.8,371.65,372.25
2023-08-28 14:40:00,372.45,372.5,372.0,372.5
2023-08-28 14:45:00,372.5,372.8,372.15,372.15
2023-08-28 14:50:00,372.25,372.5,372.0,372.1
2023-08-28 14:55:00,372.25,372.45,371.8,371.95
2023-08-28 15:00:00,372.0,372.2,371.55,371.85
2023-08-28 15:05:00,371.95,372.5,371.6,372.5
2023-08-28 15:10:00,372.5,372.5,371.5,371.75
2023-08-28 15:15:00,371.7,371.95,371.65,371.75
2023-08-28 15:20:00,371.75,371.8,371.0,371.35
2023-08-28 15:25:00,371.35,371.75,371.0,371.5
2023-08-29 09:15:00,372.95,374.85,369.1,369.7
2023-08-29 09:20:00,369.55,370.85,368.3,370.85
2023-08-29 09:25:00,370.85,371.3,370.5,371.0
2023-08-29 09:30:00,371.0,372.25,370.9,372.1
2023-08-29 09:35:00,372.1,372.1,371.5,371.9
2023-08-29 09:40:00,372.0,372.45,371.55,372.25
2023-08-29 09:45:00,372.4,373.55,372.05,372.35
2023-08-29 09:50:00,372.5,372.5,371.35,371.55
2023-08-29 09:55:00,371.55,371.55,370.75,370.9
2023-08-29 10:00:00,370.9,371.3,370.5,371.3
2023-08-29 10:05:00,371.1,372.0,370.85,371.5
2023-08-29 10:10:00,371.45,372.8,371.45,372.8
2023-08-29 10:15:00,372.65,373.0,371.7,372.25
2023-08-29 10:20:00,372.35,372.5,371.0,371.15
2023-08-29 10:25:00,371.25,371.65,370.6,370.8
2023-08-29 10:30:00,370.95,371.0,370.55,370.85
2023-08-29 10:35:00,370.9,371.8,370.8,371.7
2023-08-29 10:40:00,371.7,371.75,371.1,371.3
2023-08-29 10:45:00,371.2,371.55,370.85,370.95
2023-08-29 10:50:00,370.95,371.0,370.45,370.75
2023-08-29 10:55:00,370.85,370.95,370.55,370.65
2023-08-29 11:00:00,370.9,371.0,370.55,370.7
2023-08-29 11:05:00,370.7,370.95,370.6,370.8
2023-08-29 11:10:00,370.8,370.95,370.55,370.95
2023-08-29 11:15:00,370.75,371.4,370.75,371.2
2023-08-29 11:20:00,371.2,372.2,371.0,371.95
2023-08-29 11:25:00,372.0,372.4,371.55,372.2
2023-08-29 11:30:00,372.3,373.7,372.05,373.15
2023-08-29 11:35:00,372.95,373.05,371.95,372.25
2023-08-29 11:40:00,372.25,372.7,372.1,372.2
2023-08-29 11:45:00,372.7,372.75,371.9,372.0
2023-08-29 11:50:00,371.95,372.35,371.1,371.75
2023-08-29 11:55:00,371.75,371.8,371.15,371.6
2023-08-29 12:00:00,371.65,372.65,371.5,372.65
2023-08-29 12:05:00,372.55,372.55,372.1,372.35
2023-08-29 12:10:00,372.35,372.35,372.1,372.25
2023-08-29 12:15:00,372.25,372.65,372.1,372.55
2023-08-29 12:20:00,372.6,372.9,372.05,372.75
2023-08-29 12:25:00,372.8,373.2,372.55,373.2
2023-08-29 12:30:00,373.3,374.45,373.3,373.45
2023-08-29 12:35:00,373.45,373.55,372.6,372.85
2023-08-29 12:40:00,372.85,373.05,372.2,372.6
2023-08-29 12:45:00,372.7,373.25,372.5,372.9
2023-08-29 12:50:00,372.55,372.95,372.5,372.75
2023-08-29 12:55:00,372.75,372.9,372.0,372.1
2023-08-29 13:00:00,372.1,372.75,372.05,372.65
2023-08-29 13:05:00,372.4,372.85,372.35,372.7
2023-08-29 13:10:00,372.7,372.7,372.0,372.15
2023-08-29 13:15:00,372.0,372.1,371.15,371.4
2023-08-29 13:20:00,371.15,371.55,371.1,371.5
2023-08-29 13:25:00,371.45,371.95,371.2,371.6
2023-08-29 13:30:00,371.6,371.8,371.3,371.45
2023-08-29 13:35:00,371.5,371.75,371.05,371.25
2023-08-29 13:40:00,371.25,371.95,371.1,371.75
2023-08-29 13:45:00,371.4,371.85,371.3,371.7
2023-08-29 13:50:00,371.7,371.95,371.3,371.9
2023-08-29 13:55:00,371.8,371.9,371.05,371.3
2023-08-29 14:00:00,371.15,371.6,371.15,371.35
2023-08-29 14:05:00,371.35,371.55,371.0,371.2
2023-08-29 14:10:00,371.2,371.3,371.0,371.1
2023-08-29 14:15:00,371.2,371.3,371.0,371.0
2023-08-29 14:20:00,371.05,371.1,370.4,370.55
2023-08-29 14:25:00,370.4,371.35,370.1,371.15
2023-08-29 14:30:00,371.1,371.45,370.55,370.9
2023-08-29 14:35:00,371.1,371.2,370.7,371.2
2023-08-29 14:40:00,371.2,371.2,371.0,371.0
2023-08-29 14:45:00,371.05,371.6,370.9,371.3
2023-08-29 14:50:00,371.45,371.8,371.0,371.55
2023-08-29 14:55:00,371.55,372.25,371.4,371.4
2023-08-29 15:00:00,371.6,371.65,370.5,370.7
2023-08-29 15:05:00,370.9,371.2,370.55,370.95
2023-08-29 15:10:00,371.0,371.25,370.6,370.65
2023-08-29 15:15:00,370.65,370.85,370.0,370.25
2023-08-29 15:20:00,370.1,370.6,370.0,370.55
2023-08-29 15:25:00,370.55,371.5,370.0,371.5
2023-08-30 09:15:00,373.1,373.1,370.4,370.65
2023-08-30 09:20:00,370.3,371.1,368.65,369.95
2023-08-30 09:25:00,370.35,371.0,369.95,370.25
2023-08-30 09:30:00,370.2,370.2,369.3,369.7
2023-08-30 09:35:00,369.7,369.75,369.05,369.2
2023-08-30 09:40:00,369.4,370.35,369.2,370.2
2023-08-30 09:45:00,370.3,370.35,370.0,370.0
2023-08-30 09:50:00,370.05,370.05,369.25,369.5
2023-08-30 09:55:00,369.8,370.15,369.5,369.6
2023-08-30 10:00:00,369.9,370.2,369.5,369.7
2023-08-30 10:05:00,369.7,369.85,369.5,369.8
2023-08-30 10:10:00,369.8,370.0,369.55,369.7
2023-08-30 10:15:00,369.65,370.05,369.45,369.6
2023-08-30 10:20:00,369.6,369.6,369.4,369.6
2023-08-30 10:25:00,369.55,370.0,369.45,369.95
2023-08-30 10:30:00,369.9,370.0,369.5,369.85
2023-08-30 10:35:00,369.85,370.0,369.6,370.0
2023-08-30 10:40:00,370.0,370.6,369.8,370.3
2023-08-30 10:45:00,370.15,370.6,370.0,370.35
2023-08-30 10:50:00,370.6,370.75,370.25,370.35
2023-08-30 10:55:00,370.3,370.5,369.75,369.8
2023-08-30 11:00:00,369.8,370.7,369.8,370.7
2023-08-30 11:05:00,370.7,370.8,370.35,370.8
2023-08-30 11:10:00,370.6,370.85,370.5,370.5
2023-08-30 11:15:00,370.6,370.65,370.4,370.5
2023-08-30 11:20:00,370.5,370.55,370.1,370.45
2023-08-30 11:25:00,370.45,370.5,370.2,370.35
2023-08-30 11:30:00,370.3,370.3,370.0,370.05
2023-08-30 11:35:00,370.05,370.15,369.75,370.0
2023-08-30 11:40:00,370.0,370.0,369.75,369.9
2023-08-30 11:45:00,369.9,370.1,369.9,370.1
2023-08-30 11:50:00,370.1,370.45,370.0,370.25
2023-08-30 11:55:00,370.25,370.3,370.1,370.25
2023-08-30 12:00:00,370.3,370.55,370.2,370.5
2023-08-30 12:05:00,370.55,370.65,370.15,370.15
2023-08-30 12:10:00,370.25,370.25,370.0,370.05
2023-08-30 12:15:00,370.05,370.1,369.75,370.05
2023-08-30 12:20:00,370.05,370.15,369.8,370.15
2023-08-30 12:25:00,370.15,370.25,369.95,370.2
2023-08-30 12:30:00,370.2,370.45,370.15,370.45
2023-08-30 12:35:00,370.25,370.5,370.1,370.2
2023-08-30 12:40:00,370.2,370.2,369.8,369.8
2023-08-30 12:45:00,369.85,370.2,369.8,370.0
2023-08-30 12:50:00,370.0,370.05,369.9,370.0
2023-08-30 12:55:00,370.0,370.0,369.6,369.65
2023-08-30 13:00:00,369.6,369.7,369.6,369.7
2023-08-30 13:05:00,369.7,369.7,369.6,369.7
2023-08-30 13:10:00,369.6,369.7,369.6,369.7
2023-08-30 13:15:00,369.7,369.7,369.55,369.6
2023-08-30 13:20:00,369.55,369.6,369.5,369.6
2023-08-30 13:25:00,369.5,369.6,369.5,369.5
2023-08-30 13:30:00,369.6,369.65,369.5,369.65
2023-08-30 13:35:00,369.6,369.8,369.6,369.75
2023-08-30 13:40:00,369.8,369.8,369.6,369.8
2023-08-30 13:45:00,369.75,369.8,369.65,369.75
2023-08-30 13:50:00,369.75,370.0,369.7,370.0
2023-08-30 13:55:00,369.95,370.0,369.7,370.0
2023-08-30 14:00:00,369.95,369.95,369.7,369.85
2023-08-30 14:05:00,369.9,369.9,369.55,369.55
2023-08-30 14:10:00,369.55,369.55,369.5,369.5
2023-08-30 14:15:00,369.5,369.9,369.45,369.5
2023-08-30 14:20:00,369.6,369.6,369.45,369.5
2023-08-30 14:25:00,369.5,369.55,369.3,369.5
2023-08-30 14:30:00,369.45,369.6,369.35,369.55
2023-08-30 14:35:00,369.5,369.8,369.15,369.55
2023-08-30 14:40:00,369.65,369.65,369.2,369.25
2023-08-30 14:45:00,369.25,369.25,369.05,369.1
2023-08-30 14:50:00,369.1,369.2,369.0,369.2
2023-08-30 14:55:00,369.15,369.2,369.0,369.05
2023-08-30 15:00:00,369.15,369.2,369.0,369.05
2023-08-30 15:05:00,369.0,369.7,369.0,369.7
2023-08-30 15:10:00,369.05,369.45,369.05,369.1
2023-08-30 15:15:00,369.05,369.2,368.75,368.75
2023-08-30 15:20:00,369.0,369.0,368.7,368.75
2023-08-30 15:25:00,368.75,369.0,368.7,369.0
